DATE,TIME,OPEN,HIGH,LOW,CLOSE,VOL
20181203,110000,164.2000000,166.5000000,164.0100000,165.7100000,8836150
20181203,120000,165.7100000,165.8300000,163.8100000,165.4000000,6750400
20181203,130000,165.4700000,165.8800000,164.3500000,164.4900000,2741060
20181203,140000,164.5400000,164.6300000,163.8100000,163.9400000,2158530
20181203,150000,163.9500000,164.7700000,163.8700000,164.4400000,1765830
20181203,160000,164.4400000,166.6500000,164.2500000,165.4000000,7336410
20181203,170000,165.4000000,165.8300000,164.9000000,165.4600000,1766950
20181203,180000,165.4600000,166.3000000,165.3000000,165.5000000,4161570
20181203,190000,165.5000000,166.0900000,165.0500000,165.4000000,3684330
20181204,110000,164.9200000,164.9400000,163.1200000,163.5000000,3317730
20181204,120000,163.5600000,165.0000000,163.5000000,164.9200000,3437030
20181204,130000,164.9500000,164.9800000,163.6000000,163.7800000,2847440
20181204,140000,163.7400000,163.8700000,163.3000000,163.6400000,1662330
20181204,150000,163.6100000,164.1500000,163.4700000,163.9000000,1351280
20181204,160000,163.9000000,164.1300000,163.3200000,164.0000000,838290
20181204,170000,164.0100000,164.0400000,162.8000000,163.3300000,1987230
20181204,180000,163.3300000,163.3600000,162.3000000,162.9000000,2093740
20181204,190000,162.9100000,164.2000000,162.8100000,164.2000000,4284410
20181205,110000,161.2900000,162.0900000,160.6600000,161.8200000,2476530
20181205,120000,161.8200000,161.9400000,160.3100000,161.5300000,4544030
20181205,130000,161.5400000,162.2700000,161.4600000,161.9800000,2250860
20181205,140000,161.9300000,162.1600000,161.7800000,161.9600000,1953970
20181205,150000,161.9700000,162.0000000,161.7800000,161.8500000,1079830
20181205,160000,161.8200000,162.4700000,161.6400000,161.9900000,2959750
20181205,170000,161.9900000,162.0000000,161.8200000,161.9400000,1765120
20181205,180000,161.9300000,163.4800000,161.9100000,163.1900000,3026370
20181205,190000,163.2100000,164.5700000,163.0500000,164.5700000,3270530
20181206,110000,162.9000000,163.0000000,161.6200000,162.8400000,3539440
20181206,120000,162.8400000,162.8900000,159.0000000,160.1200000,9148690
20181206,130000,160.1800000,160.3000000,159.0600000,159.4100000,4592570
20181206,140000,159.3900000,159.9800000,159.1600000,159.9600000,1821330
20181206,150000,159.9400000,160.5000000,159.8100000,160.2700000,2289550
20181206,160000,160.3300000,160.4500000,159.5000000,159.7000000,1326870
20181206,170000,159.6400000,160.3900000,159.3700000,159.9500000,2178840
20181206,180000,159.8900000,160.7000000,159.8700000,160.2300000,2078630
20181206,190000,160.2300000,160.6200000,159.8300000,160.6200000,3370640
20181207,110000,160.8300000,161.7000000,160.7400000,161.2900000,1642000
20181207,120000,161.2100000,161.5000000,160.7100000,161.1700000,3369570
20181207,130000,161.2000000,161.2000000,160.3100000,160.8800000,2546890
20181207,140000,160.8700000,161.0000000,160.6600000,160.9300000,1590880
20181207,150000,160.9900000,161.0000000,159.6700000,159.7400000,2151890
20181207,160000,159.7800000,160.7900000,159.7000000,160.4800000,1392840
20181207,170000,160.5400000,161.2000000,160.4000000,160.9500000,6590740
20181207,180000,160.9500000,162.9600000,160.7600000,162.6200000,5573250
20181207,190000,162.6500000,163.1500000,162.3000000,163.0000000,5041060
20181210,110000,161.5000000,162.3000000,161.2500000,162.0700000,1574960
20181210,120000,162.1000000,162.5000000,160.7700000,160.8700000,2172190
20181210,130000,160.7900000,161.7300000,160.7500000,161.1000000,914390
20181210,140000,161.0900000,161.2200000,160.6800000,161.1500000,1119470
20181210,150000,161.1900000,161.4700000,160.8600000,160.9400000,908440
20181210,160000,160.9900000,161.7300000,160.9200000,161.7300000,946060
20181210,170000,161.7500000,162.4400000,161.5900000,162.1700000,1622980
20181210,180000,162.1700000,162.1900000,160.7000000,160.8700000,2279310
20181210,190000,160.8700000,161.5400000,160.8200000,161.0000000,2042900
20181211,110000,160.8000000,161.2700000,160.5000000,160.7300000,1130990
20181211,120000,160.6800000,161.0000000,159.8200000,160.0000000,3132420
20181211,130000,159.9900000,160.1700000,159.5200000,159.9600000,3142410
20181211,140000,159.9900000,160.2500000,159.8600000,159.9700000,2114460
20181211,150000,159.9700000,160.5000000,159.8900000,160.3500000,1504730
20181211,160000,160.3700000,160.4700000,160.1100000,160.2800000,1495060
20181211,170000,160.2800000,160.3000000,160.0200000,160.2400000,3449380
20181211,180000,160.2400000,160.3000000,159.6300000,159.7800000,2473800
20181211,190000,159.7500000,159.9300000,157.6900000,158.6000000,6483400
20181212,110000,158.0000000,158.0900000,154.7000000,154.7500000,8556060
20181212,120000,154.7800000,155.3000000,154.0000000,154.2000000,5609240
20181212,130000,154.2100000,155.7000000,154.2000000,155.2000000,4288970
20181212,140000,155.2000000,155.6800000,154.9100000,155.4200000,1537280
20181212,150000,155.4000000,156.6400000,155.4000000,156.0900000,3470500
20181212,160000,156.1200000,156.7500000,156.0300000,156.4100000,1753040
20181212,170000,156.4700000,156.6900000,155.5500000,156.1800000,1867550
20181212,180000,156.1700000,156.5600000,155.0100000,155.4900000,2239050
20181212,190000,155.5400000,156.1300000,155.0200000,155.7900000,3360990
20181213,110000,154.9500000,154.9900000,153.2500000,154.2600000,3990200
20181213,120000,154.2900000,155.3700000,153.8500000,154.8800000,2785170
20181213,130000,154.8600000,155.1900000,153.9000000,154.0700000,1055440
20181213,140000,154.0600000,154.9900000,153.8100000,154.8000000,942800
20181213,150000,154.8100000,155.5400000,154.2300000,154.4300000,1950930
20181213,160000,154.4500000,155.1100000,154.1200000,154.9600000,1128080
20181213,170000,154.9600000,155.2300000,153.9500000,154.5600000,1952090
20181213,180000,154.5500000,155.8700000,154.4900000,155.3000000,1708810
20181213,190000,155.3000000,156.4900000,155.2200000,156.4900000,4079610
20181214,110000,155.9600000,155.9800000,154.3000000,154.5800000,2043390
20181214,120000,154.5800000,154.7000000,153.5700000,154.0500000,2358920
20181214,130000,154.0500000,154.5200000,153.5700000,153.6500000,1124390
20181214,140000,153.6500000,154.3900000,153.5100000,154.2900000,1321710
20181214,150000,154.2900000,154.7600000,153.9000000,154.4400000,921690
20181214,160000,154.5000000,154.8500000,154.2700000,154.7700000,626170
20181214,170000,154.7500000,155.5500000,154.5800000,155.5500000,1383560
20181214,180000,155.5500000,155.7000000,154.4900000,155.1000000,1866880
20181214,190000,155.1400000,155.4000000,154.5700000,155.4000000,2044900
20181217,110000,155.1600000,155.6500000,154.5300000,154.7700000,1293430
20181217,120000,154.7700000,155.1800000,154.1000000,155.1700000,1515180
20181217,130000,155.0800000,155.2200000,154.7000000,155.0600000,840530
20181217,140000,155.0600000,156.4100000,155.0000000,156.1000000,1906590
20181217,150000,156.1000000,156.2500000,155.5900000,155.9200000,895290
20181217,160000,155.9200000,156.1500000,155.6900000,155.7700000,1040160
20181217,170000,155.7800000,155.9000000,154.6600000,154.9800000,2260490
20181217,180000,154.9300000,155.1700000,153.9000000,154.7000000,2976840
20181217,190000,154.6600000,154.7900000,152.9300000,153.5300000,5606740
20181218,110000,152.4000000,152.4200000,150.3600000,151.6500000,6656220
20181218,120000,151.5800000,151.8800000,151.1100000,151.4800000,3571650
20181218,130000,151.4200000,151.4200000,150.3000000,151.0000000,3055050
20181218,140000,151.0100000,151.0600000,150.0500000,150.5000000,3236280
20181218,150000,150.5000000,150.8100000,150.4200000,150.7500000,1290580
20181218,160000,150.7300000,151.5700000,150.3500000,151.3500000,2140900
20181218,170000,151.3500000,152.3000000,150.7500000,150.9700000,2877450
20181218,180000,150.9500000,152.0700000,150.9000000,151.7600000,3652530
20181218,190000,151.7600000,152.1700000,151.4600000,151.8900000,3499180
20181219,110000,151.1000000,152.5700000,150.7100000,152.3200000,1882200
20181219,120000,152.3200000,153.5000000,152.1900000,152.3400000,2852200
20181219,130000,152.3200000,152.9600000,152.0800000,152.1500000,1692530
20181219,140000,152.1500000,152.5000000,151.5900000,151.7700000,1325700
20181219,150000,151.7700000,152.8500000,151.6500000,152.2200000,3003760
20181219,160000,152.2300000,152.4300000,151.9500000,152.0300000,878920
20181219,170000,152.0300000,152.2000000,151.3000000,152.1400000,1662430
20181219,180000,152.1400000,153.5000000,151.9600000,153.5000000,2716010
20181219,190000,153.5000000,153.7900000,152.3700000,152.9800000,3815110
20181220,110000,150.2300000,151.4900000,149.7000000,150.7300000,4019590
20181220,120000,150.7200000,151.0700000,149.7100000,150.2100000,4086830
20181220,130000,150.2300000,150.8800000,149.7000000,150.4000000,2827840
20181220,140000,150.4000000,150.9500000,150.1200000,150.3900000,1763280
20181220,150000,150.3900000,151.2100000,150.3200000,151.1100000,2276630
20181220,160000,151.1100000,151.8700000,150.7400000,150.8700000,6752760
20181220,170000,150.8100000,151.5700000,150.8100000,151.3400000,1094050
20181220,180000,151.2800000,152.3800000,151.1900000,152.1900000,1958440
20181220,190000,152.1900000,152.3000000,151.9000000,152.2700000,2502560
20181221,110000,151.4100000,152.2700000,151.2200000,152.0500000,916220
20181221,120000,152.1000000,152.1700000,150.5000000,150.8500000,2326860
20181221,130000,150.8400000,151.2800000,150.6600000,150.9600000,708250
20181221,140000,150.9700000,151.3800000,150.7300000,151.0400000,816590
20181221,150000,151.0700000,151.4300000,150.8000000,151.1400000,470570
20181221,160000,151.0800000,151.2800000,150.3200000,150.6100000,1146200
20181221,170000,150.6400000,150.8800000,150.4400000,150.6600000,894540
20181221,180000,150.6300000,151.1600000,150.3500000,150.5100000,1048790
20181221,190000,150.6000000,151.7400000,150.5000000,151.1200000,16256710
20181224,110000,150.6600000,151.1500000,150.5000000,150.5000000,1572130
20181224,120000,150.5000000,150.7800000,150.0400000,150.2700000,1305630
20181224,130000,150.3200000,150.4300000,148.9500000,149.4000000,2907550
20181224,140000,149.4100000,150.1200000,149.3700000,149.8300000,670320
20181224,150000,149.8300000,150.0800000,149.5300000,149.6700000,492390
20181224,160000,149.6000000,149.7000000,148.9300000,149.2000000,1105000
20181224,170000,149.2300000,149.5500000,149.2200000,149.4300000,335300
20181224,180000,149.4500000,149.6900000,149.0400000,149.2700000,552700
20181224,190000,149.1900000,149.7300000,149.0800000,149.7300000,1712120
20181225,110000,148.3600000,148.4900000,145.0200000,145.6500000,6586710
20181225,120000,145.6400000,147.1800000,145.5000000,146.7500000,2209740
20181225,130000,146.7500000,146.9800000,146.3000000,146.7000000,920290
20181225,140000,146.7000000,146.7700000,146.5000000,146.6900000,313980
20181225,150000,146.6900000,146.7000000,146.4600000,146.6300000,385620
20181225,160000,146.6700000,146.8800000,146.2500000,146.4100000,458160
20181225,170000,146.4700000,147.0000000,146.3400000,146.8900000,591490
20181225,180000,146.8400000,147.4500000,146.7800000,147.0100000,862760
20181225,190000,147.0900000,147.4000000,147.0000000,147.0100000,836130
20181226,110000,147.4700000,148.7400000,147.3600000,148.5500000,1592310
20181226,120000,148.5600000,149.1400000,148.2000000,148.9300000,1163400
20181226,130000,148.9400000,149.4300000,148.8700000,149.1500000,868420
20181226,140000,149.1000000,149.6600000,149.0400000,149.2600000,1585610
20181226,150000,149.2600000,149.4100000,148.6100000,148.9400000,769820
20181226,160000,148.9600000,149.1900000,148.6500000,149.1700000,319460
20181226,170000,149.1700000,149.2100000,148.2000000,148.2000000,818760
20181226,180000,148.2000000,148.4900000,148.0000000,148.2700000,920180
20181226,190000,148.2700000,148.4900000,148.1800000,148.4100000,531570
20181227,110000,151.0000000,151.3000000,150.1900000,150.6700000,2324230
20181227,120000,150.6400000,151.9900000,150.3100000,151.3900000,2438570
20181227,130000,151.4300000,151.7000000,150.4200000,150.7900000,1611950
20181227,140000,150.8000000,151.4600000,150.6200000,150.8500000,1146220
20181227,150000,150.7900000,151.3500000,150.5900000,150.8100000,1061560
20181227,160000,150.8400000,151.8700000,150.7000000,151.6500000,1260930
20181227,170000,151.6500000,152.4000000,151.4700000,151.8500000,1866920
20181227,180000,151.8600000,151.9500000,151.1900000,151.3300000,1559380
20181227,190000,151.3900000,151.3900000,150.0600000,150.6800000,2995700
20181228,110000,151.6800000,152.3000000,151.1600000,151.8400000,1143930
20181228,120000,151.8700000,152.8500000,151.8700000,152.4700000,2304340
20181228,130000,152.4800000,152.7000000,152.2600000,152.5000000,557970
20181228,140000,152.5400000,153.1700000,152.4500000,153.1100000,1348600
20181228,150000,153.1100000,153.8000000,153.0700000,153.7000000,1885460
20181228,160000,153.6800000,153.7800000,152.8100000,152.8600000,1793500
20181228,170000,152.8600000,153.0400000,152.0200000,152.4500000,1755240
20181228,180000,152.4500000,153.4500000,152.4200000,153.3000000,1089140
20181228,190000,153.2900000,153.3000000,152.2300000,153.0000000,2331810
20181229,110000,153.6900000,153.7300000,153.2600000,153.6900000,545900
20181229,120000,153.6900000,153.7000000,153.0000000,153.1100000,323840
20181229,130000,153.1100000,153.5000000,152.8400000,153.1100000,416770
20181229,140000,153.0700000,153.2900000,152.8200000,153.1200000,257050
20181229,150000,153.1900000,153.3400000,152.9100000,153.3000000,190210
20181229,160000,153.3400000,153.4800000,153.1400000,153.4700000,199100
20181229,170000,153.4500000,153.5000000,153.0500000,153.2100000,328140
20181229,180000,153.2100000,153.5000000,153.0400000,153.2800000,277260
20181229,190000,153.2800000,153.5800000,153.2200000,153.5000000,344510
20190103,110000,154.1300000,155.2500000,154.1100000,154.8000000,2375840
20190103,120000,154.8000000,155.8000000,154.6700000,155.4100000,1931260
20190103,130000,155.4100000,155.6500000,155.0700000,155.4100000,1004060
20190103,140000,155.3800000,156.1000000,155.2600000,155.9300000,836790
20190103,150000,155.9400000,156.3500000,155.8100000,156.3000000,899610
20190103,160000,156.2700000,156.9400000,156.1600000,156.6200000,1233270
20190103,170000,156.6600000,157.3000000,156.5100000,157.2200000,1433050
20190103,180000,157.2200000,157.3000000,156.2500000,156.7300000,1559670
20190103,190000,156.6700000,156.6900000,155.5200000,156.2800000,2882980
20190104,110000,156.7400000,157.9400000,156.7100000,157.4600000,1666910
20190104,120000,157.4500000,157.8900000,156.8200000,157.6300000,2539740
20190104,130000,157.6100000,157.8700000,157.4800000,157.7000000,729570
20190104,140000,157.6900000,157.8100000,157.5000000,157.6300000,474750
20190104,150000,157.5900000,158.1600000,157.5700000,157.7000000,978220
20190104,160000,157.7400000,157.7400000,157.0600000,157.4000000,1346820
20190104,170000,157.4000000,157.4900000,156.7900000,157.2300000,1606310
20190104,180000,157.2000000,157.8600000,156.8700000,157.6500000,1527290
20190104,190000,157.6500000,159.1500000,157.6400000,159.1500000,3662490
20190108,110000,158.6500000,158.9400000,158.2600000,158.6300000,2402970
20190108,120000,158.6300000,158.7100000,157.1400000,157.3200000,3860090
20190108,130000,157.3200000,157.7000000,156.5600000,156.5700000,1560960
20190108,140000,156.6100000,157.1400000,156.5500000,157.0300000,1116150
20190108,150000,156.9800000,157.4000000,156.9100000,157.0200000,867610
20190108,160000,157.0200000,157.3400000,156.9200000,157.1700000,873080
20190108,170000,157.1700000,157.5200000,157.0500000,157.1300000,1069810
20190108,180000,157.0800000,157.3900000,156.9000000,156.9700000,1743420
20190108,190000,156.9600000,158.2600000,156.9500000,158.2600000,3458420
20190109,110000,158.8800000,159.5000000,158.4000000,159.4300000,2044830
20190109,120000,159.4900000,159.5400000,158.9300000,159.4500000,1116190
20190109,130000,159.4800000,160.2400000,159.3600000,160.1300000,2116850
20190109,140000,160.1400000,160.2000000,159.7500000,160.0200000,1856950
20190109,150000,159.9900000,160.4000000,159.8500000,160.0100000,1524520
20190109,160000,160.0500000,160.0500000,159.1100000,159.3000000,1705160
20190109,170000,159.3000000,159.8500000,158.9700000,159.2200000,1848100
20190109,180000,159.1900000,160.1600000,159.1400000,159.9500000,2258800
20190109,190000,159.9700000,160.4000000,159.6200000,160.2400000,4660750
20190110,110000,159.7400000,159.7400000,157.5600000,157.8100000,2880460
20190110,120000,157.8100000,158.7500000,157.7200000,158.5400000,2215350
20190110,130000,158.5400000,159.6500000,158.5100000,159.3100000,2128050
20190110,140000,159.4000000,159.8400000,159.2600000,159.3900000,1450100
20190110,150000,159.3300000,159.5000000,159.1100000,159.2200000,1096560
20190110,160000,159.1500000,159.3800000,158.6900000,158.7500000,1281340
20190110,170000,158.7600000,159.1300000,158.4000000,158.4000000,1238580
20190110,180000,158.4100000,159.6100000,158.3300000,159.3700000,2168500
20190110,190000,159.3700000,160.2000000,159.3700000,160.2000000,5449600
20190111,110000,160.2100000,160.8700000,159.8000000,160.0000000,1432770
20190111,120000,160.0000000,161.1300000,160.0000000,160.6800000,2315520
20190111,130000,160.6800000,160.8500000,160.3000000,160.4600000,937210
20190111,140000,160.4400000,160.7200000,160.0200000,160.6100000,1159510
20190111,150000,160.6100000,160.6700000,160.1300000,160.3300000,959200
20190111,160000,160.3300000,160.5900000,160.1800000,160.2000000,754680
20190111,170000,160.2200000,160.5900000,159.9000000,160.5000000,1806800
20190111,180000,160.4900000,160.9700000,159.9700000,159.9900000,3102070
20190111,190000,159.9900000,161.0000000,159.9600000,161.0000000,5126600
20190114,110000,159.8400000,160.0500000,159.2000000,159.7300000,1422400
20190114,120000,159.7300000,160.3600000,159.3200000,159.4300000,1698880
20190114,130000,159.4800000,160.0400000,159.3500000,159.6100000,1229620
20190114,140000,159.6100000,159.8300000,159.3200000,159.7000000,915310
20190114,150000,159.6800000,159.9100000,159.5500000,159.6800000,593800
20190114,160000,159.7200000,159.8900000,159.5500000,159.8000000,834520
20190114,170000,159.7600000,160.2200000,159.6000000,159.9100000,857770
20190114,180000,159.9500000,160.2200000,159.4300000,159.9800000,1495570
20190114,190000,160.0000000,160.7500000,159.9100000,160.4800000,3522440
20190115,110000,160.9700000,161.5000000,160.8200000,161.1900000,1793550
20190115,120000,161.1800000,161.4900000,160.9100000,161.2600000,1688690
20190115,130000,161.2600000,161.2800000,160.3400000,160.6900000,1292170
20190115,140000,160.7000000,160.7900000,159.4100000,159.6200000,1737490
20190115,150000,159.6000000,159.7500000,158.9500000,158.9700000,2577110
20190115,160000,158.9500000,159.1400000,158.1000000,158.5500000,2650130
20190115,170000,158.5400000,158.5500000,157.3500000,157.8700000,3448760
20190115,180000,157.8100000,158.6000000,157.6200000,158.2700000,2384820
20190115,190000,158.3500000,158.7800000,157.9400000,158.1500000,3234780
20190116,110000,158.3500000,158.7500000,157.4400000,157.8200000,2018190
20190116,120000,157.7800000,158.4000000,156.7100000,158.0600000,3117650
20190116,130000,158.0500000,158.1800000,156.8500000,157.1400000,1821380
20190116,140000,157.1900000,157.2500000,156.0200000,156.4100000,3013230
20190116,150000,156.4100000,156.6000000,156.0000000,156.3200000,1377180
20190116,160000,156.3000000,156.7700000,156.2700000,156.5300000,1090570
20190116,170000,156.5200000,156.5900000,155.8000000,155.9100000,1898900
20190116,180000,155.9100000,156.7500000,155.8100000,156.6000000,3424980
20190116,190000,156.6000000,156.9000000,156.2000000,156.9000000,3092370
20190117,110000,157.2100000,157.2900000,156.0900000,156.6000000,1690990
20190117,120000,156.5800000,156.8800000,156.2000000,156.7000000,1828120
20190117,130000,156.7400000,156.7900000,155.6000000,155.8200000,2162320
20190117,140000,155.8200000,156.3700000,155.7100000,156.3500000,1318960
20190117,150000,156.3500000,156.4500000,155.9400000,156.0500000,953010
20190117,160000,156.0500000,156.2500000,155.7600000,155.8500000,1055350
20190117,170000,155.8300000,156.1700000,155.7400000,155.9000000,1263900
20190117,180000,155.9300000,156.6000000,155.6500000,156.4900000,2003760
20190117,190000,156.4900000,157.1000000,156.1700000,157.1000000,3862500
20190118,110000,158.1700000,158.8000000,157.9000000,157.9200000,4035130
20190118,120000,157.9700000,158.5900000,157.8700000,158.1800000,2716920
20190118,130000,158.1800000,158.4500000,158.0400000,158.1800000,953870
20190118,140000,158.1800000,158.3100000,157.4300000,157.6700000,1891880
20190118,150000,157.7100000,158.1000000,157.5800000,158.0000000,618210
20190118,160000,158.0000000,158.1500000,157.8900000,158.1000000,488120
20190118,170000,158.1100000,158.2500000,157.7400000,157.9200000,977340
20190118,180000,157.9200000,158.7700000,157.7100000,158.4400000,1846160
20190118,190000,158.4400000,159.2000000,158.2500000,159.2000000,4644290
20190121,110000,159.0200000,159.4700000,158.6000000,159.4300000,1891110
20190121,120000,159.4400000,160.0700000,159.1500000,159.5500000,2246590
20190121,130000,159.5500000,159.8000000,158.7600000,158.8800000,1112300
20190121,140000,158.8900000,159.8600000,158.7900000,159.6700000,839430
20190121,150000,159.6300000,159.8000000,159.3100000,159.4000000,739760
20190121,160000,159.4100000,159.5000000,159.1100000,159.1300000,622350
20190121,170000,159.1600000,159.5200000,159.1200000,159.1500000,710640
20190121,180000,159.1800000,159.2500000,158.4900000,158.6000000,1458360
20190121,190000,158.5600000,158.5900000,158.0100000,158.3000000,2227800
20190122,110000,157.8600000,157.9000000,157.0800000,157.1100000,1781730
20190122,120000,157.1200000,158.1000000,157.1200000,157.9300000,1945850
20190122,130000,157.9800000,158.3200000,157.5600000,157.7400000,953840
20190122,140000,157.6900000,157.9000000,157.5200000,157.7800000,571900
20190122,150000,157.7800000,157.8600000,156.5700000,157.4700000,1938470
20190122,160000,157.4800000,158.1500000,157.4600000,157.9200000,1474320
20190122,170000,157.9200000,158.3600000,157.9000000,158.2600000,1671410
20190122,180000,158.2800000,158.4900000,157.8800000,158.4300000,1888730
20190122,190000,158.4300000,158.5000000,157.2900000,158.5000000,6599510
20190123,110000,158.2200000,159.1200000,158.0700000,158.6800000,1934230
20190123,120000,158.6700000,158.7900000,158.0200000,158.5300000,1661040
20190123,130000,158.5300000,159.3000000,158.0400000,159.1600000,1842850
20190123,140000,159.1700000,159.6900000,158.9600000,159.4400000,2214700
20190123,150000,159.4200000,159.8300000,159.2500000,159.3800000,1392170
20190123,160000,159.3900000,159.7800000,159.2200000,159.4100000,963620
20190123,170000,159.4000000,159.7800000,159.0100000,159.3600000,893910
20190123,180000,159.3500000,159.6100000,159.0900000,159.4700000,985670
20190123,190000,159.4700000,159.9000000,159.3600000,159.9000000,2677140
20190124,110000,159.7100000,162.7800000,158.8600000,161.9300000,7824650
20190124,120000,161.9200000,162.3000000,160.9800000,161.0700000,6226800
20190124,130000,161.0700000,162.0000000,160.4300000,161.6500000,3969460
20190124,140000,161.6500000,161.9500000,160.8000000,161.0000000,2606140
20190124,150000,161.0000000,161.0800000,160.3600000,160.8400000,2364860
20190124,160000,160.8400000,160.9200000,160.0800000,160.1100000,1865350
20190124,170000,160.1100000,160.7200000,159.8500000,159.9200000,4043670
20190124,180000,159.9300000,160.4600000,159.6200000,160.4600000,2635530
20190124,190000,160.4300000,161.0600000,160.3100000,160.9000000,4105690
20190125,110000,161.6100000,161.8600000,161.2100000,161.6000000,2400020
20190125,120000,161.5900000,161.7500000,160.7900000,161.2900000,1852600
20190125,130000,161.2900000,161.3800000,160.1800000,160.3000000,2798700
20190125,140000,160.3400000,161.2300000,160.2800000,161.0400000,1147610
20190125,150000,161.0400000,161.4800000,160.9300000,161.2600000,689510
20190125,160000,161.2500000,161.3200000,160.6200000,161.2700000,1105320
20190125,170000,161.2700000,162.1300000,161.2700000,161.4000000,2757860
20190125,180000,161.4000000,162.4500000,161.3000000,162.4400000,2264220
20190125,190000,162.4100000,162.8200000,162.0700000,162.8200000,4724490
20190128,110000,162.4000000,163.5800000,161.8200000,163.3200000,3182840
20190128,120000,163.3300000,163.5000000,161.7000000,162.0900000,3732000
20190128,130000,162.1000000,162.2500000,161.3200000,161.3600000,1816330
20190128,140000,161.3600000,161.5300000,160.8200000,161.2600000,2007290
20190128,150000,161.2700000,161.3300000,160.6200000,161.0300000,2473720
20190128,160000,161.0100000,161.2700000,160.7800000,161.0500000,1628210
20190128,170000,161.0500000,161.0600000,160.4200000,160.8100000,1955330
20190128,180000,160.8300000,161.0000000,160.2400000,160.3600000,2772320
20190128,190000,160.3600000,160.7600000,159.8200000,160.5600000,4301750
20190129,110000,160.1400000,160.6800000,159.1300000,159.1900000,3166670
20190129,120000,159.2200000,160.8200000,159.0000000,160.5600000,3057250
20190129,130000,160.5600000,161.4200000,160.5300000,161.2400000,2607630
20190129,140000,161.2400000,161.8600000,161.1000000,161.8200000,1729420
20190129,150000,161.8200000,162.1600000,161.4100000,162.0500000,1596460
20190129,160000,162.0300000,162.3400000,161.7200000,161.8300000,1528890
20190129,170000,161.8400000,162.4300000,161.7200000,162.3600000,1294320
20190129,180000,162.4000000,162.9800000,162.2500000,162.8100000,2911920
20190129,190000,162.8100000,162.9800000,161.8500000,162.9500000,4909650
20190130,110000,162.5100000,164.5400000,162.2600000,164.0600000,4956100
20190130,120000,164.0600000,164.2500000,163.4200000,164.1500000,2165660
20190130,130000,164.1500000,164.2000000,163.0000000,163.7000000,2383060
20190130,140000,163.7500000,163.9700000,163.3300000,163.8900000,767670
20190130,150000,163.9100000,164.8800000,163.8600000,164.3100000,2587070
20190130,160000,164.3100000,165.3800000,164.1700000,165.2400000,2950100
20190130,170000,165.2400000,165.8400000,165.0800000,165.1500000,3175750
20190130,180000,165.1700000,165.5000000,164.7500000,165.0100000,2385300
20190130,190000,165.0500000,165.4000000,164.6000000,165.4000000,3733120
20190131,110000,166.0000000,166.4900000,165.5700000,166.0300000,3623600
20190131,120000,166.0100000,166.4500000,165.7300000,165.8400000,4352520
20190131,130000,165.8300000,165.9900000,165.2000000,165.2000000,2432000
20190131,140000,165.2000000,165.2000000,164.2500000,164.5800000,2113220
20190131,150000,164.5900000,164.6400000,163.7400000,163.7500000,2928020
20190131,160000,163.7500000,163.8700000,163.2500000,163.2600000,3643330
20190131,170000,163.2600000,163.8900000,163.0500000,163.3500000,2879680
20190131,180000,163.3400000,163.3900000,162.5500000,162.7500000,3741890
20190131,190000,162.7500000,163.1600000,162.6100000,162.8200000,4904860
20190201,110000,162.4700000,162.6900000,161.7500000,162.3500000,2639360
20190201,120000,162.3900000,163.8000000,162.2500000,163.5000000,3494320
20190201,130000,163.5000000,164.1100000,163.3800000,163.8400000,1831810
20190201,140000,163.8400000,164.3700000,163.5500000,163.6800000,2528060
20190201,150000,163.6800000,163.8500000,163.1200000,163.7400000,1229480
20190201,160000,163.7700000,164.2500000,163.6600000,163.8500000,1661050
20190201,170000,163.8500000,163.9400000,163.2600000,163.6800000,2311000
20190201,180000,163.6100000,163.7000000,162.7600000,163.0200000,3746580
20190201,190000,163.0500000,163.3300000,162.8000000,163.3300000,3580630
20190204,110000,163.3700000,163.6900000,162.8100000,163.4200000,1279610
20190204,120000,163.4000000,163.6600000,162.9900000,163.1500000,991790
20190204,130000,163.1500000,164.1600000,163.0600000,164.1200000,1059960
20190204,140000,164.1300000,165.0000000,164.1200000,164.6500000,2046280
20190204,150000,164.6400000,164.6400000,164.1300000,164.3100000,645970
20190204,160000,164.3000000,164.3800000,163.9300000,164.2600000,858900
20190204,170000,164.2600000,164.2700000,164.0100000,164.1000000,409520
20190204,180000,164.1200000,164.1600000,163.4700000,163.7300000,1242680
20190204,190000,163.7200000,163.8400000,163.2000000,163.2000000,2920910
20190205,110000,163.4500000,163.6400000,162.5400000,163.3100000,1238180
20190205,120000,163.3400000,164.9000000,163.0900000,164.6000000,3391310
20190205,130000,164.6000000,165.4300000,164.4900000,164.8000000,2585200
20190205,140000,164.7900000,165.0000000,164.5500000,164.6000000,750210
20190205,150000,164.5500000,164.7800000,163.8200000,164.0100000,1122680
20190205,160000,164.0600000,164.2600000,163.8600000,163.9900000,1077550
20190205,170000,163.9900000,164.6100000,163.5400000,164.4100000,1253480
20190205,180000,164.4400000,164.4500000,163.8700000,164.3900000,991260
20190205,190000,164.3900000,164.5000000,164.1500000,164.2500000,1295920
20190206,110000,164.4400000,164.6700000,163.5500000,163.6100000,1363870
20190206,120000,163.6100000,164.1400000,163.6000000,163.9900000,832320
20190206,130000,164.0000000,164.2400000,163.6500000,163.9300000,1177830
20190206,140000,163.9300000,164.4500000,163.7900000,164.1000000,842100
20190206,150000,164.1000000,164.1300000,163.8200000,163.9000000,491530
20190206,160000,163.9000000,164.2500000,163.7300000,163.9100000,814140
20190206,170000,163.8900000,164.1300000,163.7500000,164.0200000,541480
20190206,180000,164.0600000,164.0900000,163.8000000,163.9100000,527110
20190206,190000,163.9400000,164.0300000,163.0700000,163.2100000,2954300
20190207,110000,162.8800000,163.4400000,162.2300000,162.6500000,2279130
20190207,120000,162.6500000,163.2000000,162.3600000,162.4200000,1165560
20190207,130000,162.4100000,162.5000000,161.6700000,161.9000000,2139100
20190207,140000,161.8900000,161.9800000,160.9000000,161.1500000,2852170
20190207,150000,161.1500000,161.2000000,160.1000000,160.2900000,4658740
20190207,160000,160.2800000,160.5000000,160.0100000,160.1400000,1913530
20190207,170000,160.1300000,160.2000000,159.1000000,159.9800000,4770040
20190207,180000,159.9700000,160.3700000,159.5700000,160.0000000,2065480
20190207,190000,160.0000000,160.5000000,159.7800000,160.3900000,1667870
20190208,110000,159.1700000,159.3800000,158.1100000,159.3400000,3970990
20190208,120000,159.3400000,159.9400000,158.8500000,159.9000000,3279780
20190208,130000,159.8800000,159.9200000,159.4000000,159.7900000,972640
20190208,140000,159.7900000,159.8300000,159.0200000,159.4400000,801400
20190208,150000,159.4500000,161.3600000,159.2500000,160.2500000,3656840
20190208,160000,160.2500000,160.5100000,159.9900000,160.4000000,1429580
20190208,170000,160.4300000,161.1300000,160.1500000,160.8000000,1456510
20190208,180000,160.7900000,161.1300000,159.8900000,160.0800000,2021270
20190208,190000,160.0200000,160.0700000,159.5100000,159.8000000,1803110
20190211,110000,160.4300000,161.3800000,160.4000000,161.2400000,2174070
20190211,120000,161.2700000,162.3000000,160.9300000,161.8600000,3051440
20190211,130000,161.9000000,161.9900000,161.6800000,161.9000000,1251650
20190211,140000,161.8600000,161.9200000,161.0800000,161.4800000,1224280
20190211,150000,161.4600000,161.4800000,160.8500000,161.0300000,1129940
20190211,160000,161.0300000,161.2500000,160.7000000,161.0300000,982460
20190211,170000,160.9800000,161.4400000,160.8100000,161.3400000,3142710
20190211,180000,161.2900000,161.5400000,160.1800000,160.6500000,2925320
20190211,190000,160.6300000,161.3800000,160.6300000,161.2900000,3220560
20190212,110000,161.5000000,162.0800000,161.5000000,161.7500000,1631170
20190212,120000,161.8100000,162.0400000,160.8000000,160.9700000,1523030
20190212,130000,160.9900000,161.0900000,160.7500000,160.8000000,998830
20190212,140000,160.8200000,161.5800000,160.8000000,161.4700000,926970
20190212,150000,161.4100000,162.8300000,161.3500000,162.8000000,2669490
20190212,160000,162.8100000,162.9000000,162.2000000,162.5700000,1622650
20190212,170000,162.5700000,163.1200000,162.4900000,162.8900000,1566230
20190212,180000,162.8800000,163.4900000,162.7200000,163.3500000,1821390
20190212,190000,163.3500000,163.6800000,163.2200000,163.6800000,2199420
20190213,110000,163.9400000,164.2800000,163.0100000,163.2900000,1972510
20190213,120000,163.2500000,163.2500000,160.8800000,161.0000000,4679700
20190213,130000,161.0000000,161.3500000,160.0800000,160.2000000,3751470
20190213,140000,160.2000000,160.6900000,159.9000000,160.1300000,2170900
20190213,150000,160.1400000,160.9000000,159.9000000,160.8900000,1923390
20190213,160000,160.8900000,160.9300000,160.2100000,160.6500000,739850
20190213,170000,160.6000000,160.6200000,159.9800000,160.1500000,1457660
20190213,180000,160.1400000,160.6800000,159.9200000,159.9400000,1343400
20190213,190000,159.9400000,160.0300000,159.2700000,159.2700000,3937860
20190214,110000,157.3500000,158.7400000,156.0000000,158.3700000,5407660
20190214,120000,158.4000000,158.5000000,156.5100000,156.9500000,7718850
20190214,130000,156.9400000,157.4200000,156.2400000,156.3200000,2650860
20190214,140000,156.3100000,157.3700000,156.2900000,157.3400000,2601610
20190214,150000,157.3300000,158.0800000,157.2500000,157.6400000,1870540
20190214,160000,157.6400000,158.1900000,157.3000000,157.4500000,1665970
20190214,170000,157.4300000,157.6200000,156.3000000,156.3400000,1970880
20190214,180000,156.4000000,156.4400000,155.5100000,155.9800000,7593050
20190214,190000,155.9400000,156.0700000,155.1500000,155.1500000,6737640
20190215,110000,155.9900000,157.4700000,155.8900000,157.0400000,3860660
20190215,120000,157.0400000,157.5000000,156.5000000,156.9400000,2252590
20190215,130000,156.9500000,157.0800000,156.3800000,156.6700000,2344320
20190215,140000,156.7100000,156.7400000,155.9100000,156.2000000,2084630
20190215,150000,156.2000000,157.0800000,156.2000000,156.7400000,2021840
20190215,160000,156.8000000,157.2400000,156.5200000,157.2300000,2076230
20190215,170000,157.2200000,157.8000000,156.8500000,157.1300000,3174920
20190215,180000,157.1600000,158.4200000,157.1600000,158.1000000,3483110
20190215,190000,158.1000000,159.0400000,157.9100000,159.0400000,3236140
20190218,110000,159.2500000,159.2800000,158.1300000,158.2500000,2233350
20190218,120000,158.2700000,159.9000000,158.1100000,158.3500000,4432870
20190218,130000,158.3500000,158.6000000,156.4200000,156.9200000,3690860
20190218,140000,156.8600000,157.1600000,156.3200000,156.4800000,1623930
20190218,150000,156.4900000,157.0000000,156.2200000,156.4300000,1089030
20190218,160000,156.4300000,156.9500000,156.2800000,156.3100000,1365650
20190218,170000,156.3200000,156.5400000,156.1400000,156.4800000,860720
20190218,180000,156.4500000,157.1500000,156.3600000,156.9700000,1126590
20190218,190000,156.9900000,157.1000000,156.4300000,156.4300000,1291880
20190219,110000,156.4900000,157.1400000,155.8300000,156.2400000,1756850
20190219,120000,156.2400000,156.8800000,155.8800000,156.0100000,1684000
20190219,130000,156.0200000,156.1500000,154.5600000,155.1300000,3607150
20190219,140000,155.1200000,155.6400000,154.5800000,155.3300000,1108610
20190219,150000,155.3200000,155.4600000,154.2600000,154.3800000,1678860
20190219,160000,154.3700000,154.6200000,154.1400000,154.1900000,1291500
20190219,170000,154.1700000,154.3400000,153.8000000,153.9600000,2948940
20190219,180000,153.9600000,154.4700000,153.6900000,154.0800000,2510760
20190219,190000,154.0700000,154.4400000,153.3600000,154.0300000,3462110
20190220,110000,154.6700000,155.5700000,154.3300000,155.3600000,2837960
20190220,120000,155.3800000,155.6600000,154.3100000,154.7700000,3261960
20190220,130000,154.7700000,154.8800000,153.6700000,154.0800000,2316820
20190220,140000,154.0900000,154.4100000,153.9000000,154.2000000,1565150
20190220,150000,154.2000000,154.9700000,154.0300000,154.9700000,1196780
20190220,160000,154.9700000,155.4800000,154.5100000,155.0800000,2211030
20190220,170000,155.0700000,155.1500000,153.9300000,154.1000000,2225860
20190220,180000,154.1000000,154.5300000,154.0300000,154.4000000,1936170
20190220,190000,154.4000000,154.8800000,154.0100000,154.4300000,3580360
20190221,110000,154.8400000,155.2000000,154.5100000,154.9200000,1798290
20190221,120000,154.9300000,155.4100000,154.6300000,154.9200000,1527300
20190221,130000,154.9800000,155.0400000,154.0500000,154.4000000,1783510
20190221,140000,154.4000000,154.4500000,153.6500000,154.1000000,1987070
20190221,150000,154.1500000,154.3400000,153.9100000,154.0500000,697740
20190221,160000,154.0800000,154.1800000,153.4000000,153.9600000,1463970
20190221,170000,153.9500000,154.0700000,153.5800000,153.8400000,829590
20190221,180000,153.8400000,154.1000000,153.0100000,153.2500000,2070140
20190221,190000,153.2500000,153.6200000,153.0100000,153.5000000,3037830
20190222,110000,153.5100000,154.4900000,153.4900000,154.3000000,2059990
20190222,120000,154.2600000,154.6500000,153.8600000,154.6300000,1322180
20190222,130000,154.6300000,154.9000000,154.2900000,154.6100000,1202980
20190222,140000,154.5900000,155.2100000,154.1500000,155.0900000,1624630
20190222,150000,155.0900000,155.4900000,154.7700000,155.4800000,1267220
20190222,160000,155.4800000,155.6500000,155.0700000,155.5800000,924670
20190222,170000,155.5800000,155.6500000,154.8300000,154.9700000,871790
20190222,180000,154.9700000,155.0100000,154.3100000,154.7400000,1938270
20190222,190000,154.6900000,154.8300000,154.1500000,154.6400000,1962900
20190225,110000,155.0100000,155.3700000,154.2100000,155.1800000,1661400
20190225,120000,155.1800000,155.3400000,154.6500000,154.9500000,1372160
20190225,130000,155.0000000,155.3200000,154.8800000,155.1600000,1283270
20190225,140000,155.1500000,155.2000000,154.6900000,154.9600000,1669380
20190225,150000,154.9600000,155.1500000,154.8800000,155.0900000,882610
20190225,160000,155.0800000,155.1100000,153.6200000,153.9400000,2539520
20190225,170000,153.8900000,154.0000000,153.5600000,153.8500000,1504580
20190225,180000,153.8500000,154.7400000,153.8300000,154.2900000,1356530
20190225,190000,154.2900000,154.6000000,154.0000000,154.6000000,2459980
20190226,110000,153.9200000,154.5000000,153.7200000,154.2800000,1352070
20190226,120000,154.2900000,154.4500000,153.3100000,153.6000000,2232100
20190226,130000,153.6000000,153.9300000,152.8200000,153.6000000,2413430
20190226,140000,153.6100000,154.3700000,153.5100000,154.0600000,1676170
20190226,150000,154.0600000,154.4000000,153.7500000,154.3800000,1287750
20190226,160000,154.3900000,154.9400000,154.2600000,154.6600000,2279580
20190226,170000,154.6400000,154.7100000,154.2200000,154.5400000,1421360
20190226,180000,154.5700000,154.8700000,154.0900000,154.7400000,1445320
20190226,190000,154.7000000,155.3600000,154.5100000,155.3600000,4156260
20190227,110000,155.7000000,156.5000000,155.6500000,156.3500000,3584270
20190227,120000,156.3700000,157.1500000,156.0400000,156.0800000,3648450
20190227,130000,156.1300000,156.4000000,155.1100000,155.4000000,2195350
20190227,140000,155.4000000,155.4400000,154.8200000,155.3300000,1685050
20190227,150000,155.2800000,155.9000000,154.9600000,155.8000000,1138040
20190227,160000,155.8000000,156.2400000,155.6500000,156.1200000,1198060
20190227,170000,156.1300000,156.8600000,155.9300000,156.4700000,1156940
20190227,180000,156.4400000,156.5500000,155.5400000,155.6500000,1368280
20190227,190000,155.7100000,156.4000000,155.2500000,156.4000000,3638910
20190228,110000,156.3700000,157.2900000,156.0600000,157.1200000,3620600
20190228,120000,157.1600000,157.9100000,156.4000000,156.8500000,6336740
20190228,130000,156.8900000,156.9300000,156.1600000,156.2900000,2071170
20190228,140000,156.3500000,156.8300000,156.0200000,156.7400000,1385410
20190228,150000,156.7600000,157.5000000,156.7200000,157.3400000,2400550
20190228,160000,157.3700000,158.4600000,157.2700000,158.4500000,4046990
20190228,170000,158.4300000,159.2500000,158.1800000,158.6500000,4491200
20190228,180000,158.6500000,159.1700000,158.4000000,158.5600000,2848980
20190228,190000,158.5100000,158.9900000,157.9400000,158.9900000,7436180
20190301,110000,158.9200000,159.5500000,158.2900000,158.3800000,3543620
20190301,120000,158.3500000,158.5600000,157.5300000,157.8500000,3943940
20190301,130000,157.8300000,158.4100000,157.7700000,157.9600000,2268630
20190301,140000,157.9600000,158.0000000,157.5500000,157.7900000,1235590
20190301,150000,157.8000000,157.8000000,157.0500000,157.1900000,1941380
20190301,160000,157.1900000,157.2300000,156.5100000,156.6600000,2119820
20190301,170000,156.6400000,156.8000000,156.3100000,156.4900000,1285300
20190301,180000,156.4800000,156.8200000,156.3400000,156.5900000,1921940
20190301,190000,156.5500000,156.8600000,156.4000000,156.7100000,3609000
20190304,110000,156.7500000,156.7600000,156.0500000,156.0700000,1464050
20190304,120000,156.0700000,156.1300000,155.5300000,155.7100000,2538470
20190304,130000,155.7200000,156.2800000,155.3300000,155.6700000,2694690
20190304,140000,155.6700000,155.9600000,155.0500000,155.1300000,1367860
20190304,150000,155.1200000,155.1800000,154.7100000,154.9300000,1808860
20190304,160000,154.9300000,155.3700000,154.8600000,155.2100000,697080
20190304,170000,155.2200000,155.9800000,155.0000000,155.5100000,1192010
20190304,180000,155.5200000,155.5900000,154.7100000,154.9400000,1806030
20190304,190000,154.9700000,155.0900000,154.4000000,154.4000000,3622680
20190305,110000,154.0400000,154.2800000,153.5200000,154.2600000,2059870
20190305,120000,154.2600000,154.4700000,153.1200000,153.4900000,2918730
20190305,130000,153.4500000,153.6000000,153.1100000,153.5800000,1097490
20190305,140000,153.5800000,153.8800000,153.3500000,153.6400000,1350150
20190305,150000,153.6400000,154.6500000,153.5300000,154.4000000,2127810
20190305,160000,154.3400000,154.4800000,153.8700000,153.9700000,2156260
20190305,170000,153.9700000,154.2400000,153.7100000,154.0000000,2740140
20190305,180000,153.9800000,154.1100000,153.4000000,153.4600000,2498220
20190305,190000,153.5200000,153.7500000,153.1800000,153.2000000,3158200
20190306,110000,153.3500000,154.0000000,153.0700000,153.2500000,1668170
20190306,120000,153.2300000,153.9000000,153.2300000,153.7600000,2528440
20190306,130000,153.7700000,154.3400000,153.7100000,154.0000000,2137480
20190306,140000,153.9900000,154.0900000,153.7500000,153.9400000,778890
20190306,150000,153.9400000,154.4500000,153.9200000,154.1900000,1498120
20190306,160000,154.1900000,154.3300000,153.6900000,153.9900000,1357510
20190306,170000,153.9900000,154.4000000,153.9600000,154.4000000,1679630
20190306,180000,154.3800000,154.4300000,154.0000000,154.2100000,2245970
20190306,190000,154.2200000,154.3300000,153.9000000,154.2000000,3224050
20190307,110000,154.0000000,154.1900000,153.3300000,153.4700000,1434340
20190307,120000,153.4400000,153.4400000,152.3500000,152.7100000,3226580
20190307,130000,152.7400000,153.0300000,152.5000000,152.6100000,2039910
20190307,140000,152.6100000,152.8100000,152.0500000,152.1400000,2249480
20190307,150000,152.1500000,153.1000000,152.1500000,152.9300000,1987020
20190307,160000,152.9300000,153.2600000,152.7000000,153.2500000,1774460
20190307,170000,153.2400000,153.4800000,152.7200000,152.9700000,1121910
20190307,180000,152.9700000,153.2000000,152.1200000,152.1800000,2063550
20190307,190000,152.1500000,152.3900000,151.5800000,151.9000000,3767530
20190311,110000,151.9000000,152.4700000,151.4000000,152.0300000,2598290
20190311,120000,152.0200000,152.0300000,150.7500000,151.0000000,4497670
20190311,130000,151.0100000,151.1700000,150.5900000,150.9300000,1619170
20190311,140000,150.9100000,150.9300000,150.6300000,150.6800000,1223750
20190311,150000,150.6500000,150.9900000,150.5100000,150.6600000,1752580
20190311,160000,150.6700000,150.9100000,150.5500000,150.7800000,742680
20190311,170000,150.7700000,151.8300000,150.7400000,151.6700000,2590660
20190311,180000,151.7000000,151.9100000,151.2000000,151.4000000,1893620
20190311,190000,151.4300000,152.0900000,151.2900000,151.6000000,2556780
20190312,110000,152.2400000,152.9500000,151.8100000,152.8600000,2861350
20190312,120000,152.8700000,152.8900000,152.1700000,152.3700000,2201440
20190312,130000,152.3800000,152.7400000,152.1500000,152.4400000,1241160
20190312,140000,152.4600000,152.5000000,152.1700000,152.2100000,871900
20190312,150000,152.2500000,152.4100000,151.6900000,151.8900000,1466060
20190312,160000,151.8900000,151.9300000,150.8400000,151.4400000,2406190
20190312,170000,151.4400000,151.6200000,151.1500000,151.5000000,747770
20190312,180000,151.4900000,152.1400000,151.2700000,151.3200000,1720210
20190312,190000,151.3700000,151.6400000,151.0000000,151.6400000,1943250
20190313,110000,151.2500000,151.8800000,150.8600000,151.0800000,1513520
20190313,120000,151.1100000,151.2300000,150.6600000,150.9000000,1435070
20190313,130000,150.9000000,151.4700000,150.8500000,151.1000000,1115640
20190313,140000,151.1400000,151.5800000,151.0700000,151.4800000,1053070
20190313,150000,151.4800000,151.4900000,151.0100000,151.1800000,753930
20190313,160000,151.1800000,151.4200000,151.0900000,151.2300000,667560
20190313,170000,151.2300000,152.2300000,151.1400000,152.0100000,2520490
20190313,180000,152.0800000,153.1100000,152.0500000,152.9800000,3028250
20190313,190000,152.9700000,153.3000000,152.5700000,153.3000000,6454320
20190314,110000,153.3500000,154.4000000,152.9200000,154.1500000,3080010
20190314,120000,154.1500000,154.3000000,153.3100000,153.3800000,2426160
20190314,130000,153.3300000,153.9500000,152.9000000,153.8600000,2742880
20190314,140000,153.8500000,154.1500000,153.2700000,153.9700000,1907560
20190314,150000,153.9700000,154.1500000,153.6900000,153.7100000,1383790
20190314,160000,153.6900000,153.9700000,153.5500000,153.7100000,1024660
20190314,170000,153.7000000,153.8200000,153.3800000,153.7500000,1884200
20190314,180000,153.7500000,153.8000000,152.9500000,153.1400000,2428350
20190314,190000,153.1300000,153.2000000,152.5300000,152.6800000,3077210
20190315,110000,152.9800000,153.2900000,152.7200000,153.0400000,1330340
20190315,120000,153.0400000,153.8700000,153.0400000,153.2400000,1928060
20190315,130000,153.2200000,153.4900000,152.9000000,153.3300000,668790
20190315,140000,153.2900000,153.3400000,152.9300000,153.0900000,684620
20190315,150000,153.0500000,153.1500000,152.7100000,152.8300000,619470
20190315,160000,152.8200000,153.0400000,152.6000000,152.7300000,853830
20190315,170000,152.7300000,153.1600000,152.1100000,153.1300000,2337340
20190315,180000,153.0700000,153.3400000,152.7200000,152.9600000,1913320
20190315,190000,153.0000000,154.5600000,152.8100000,154.5600000,22987600
20190318,110000,154.1700000,154.4300000,153.6000000,154.2500000,2611420
20190318,120000,154.2200000,155.9000000,153.8700000,155.6800000,5535530
20190318,130000,155.6800000,155.8400000,155.1500000,155.7400000,1882420
20190318,140000,155.6600000,156.4800000,155.5500000,155.7600000,2933550
20190318,150000,155.7900000,156.0300000,155.7300000,155.9100000,1432730
20190318,160000,155.9200000,156.0300000,155.5100000,155.6100000,2094780
20190318,170000,155.6300000,156.0300000,155.4100000,155.9000000,1723910
20190318,180000,155.9300000,156.1800000,155.6800000,155.9500000,1684120
20190318,190000,155.9500000,156.1700000,155.8100000,155.8400000,2147720
20190319,110000,155.8400000,156.0800000,155.4600000,155.9900000,1233760
20190319,120000,155.9800000,156.4500000,155.7500000,155.9000000,2008440
20190319,130000,155.8600000,155.8600000,155.0500000,155.3800000,2947560
20190319,140000,155.3300000,155.6000000,155.2400000,155.4700000,1618780
20190319,150000,155.4700000,155.9000000,155.4000000,155.6800000,1103490
20190319,160000,155.6800000,155.9700000,155.4200000,155.7900000,846490
20190319,170000,155.7900000,155.9600000,155.1500000,155.2500000,1858410
20190319,180000,155.2500000,155.4000000,154.7700000,155.0900000,2334300
20190319,190000,155.0800000,155.5000000,154.6000000,155.5000000,3571570
20190320,110000,155.5400000,155.5400000,154.2600000,154.4000000,1940120
20190320,120000,154.3900000,154.9000000,154.0000000,154.5400000,2050760
20190320,130000,154.5700000,154.8700000,154.3000000,154.5000000,1259970
20190320,140000,154.5000000,155.2300000,154.4300000,154.9400000,2798940
20190320,150000,154.9600000,155.9400000,154.9300000,155.4600000,3415210
20190320,160000,155.4600000,155.7700000,155.0000000,155.1300000,2151570
20190320,170000,155.1300000,155.6800000,155.0700000,155.2900000,779570
20190320,180000,155.3500000,155.8600000,155.2000000,155.7100000,1865700
20190320,190000,155.7800000,156.1400000,155.4300000,156.0900000,3813060
20190321,110000,156.3000000,156.7000000,155.4400000,155.9600000,3064130
20190321,120000,155.8700000,156.0000000,154.8500000,155.4000000,3239590
20190321,130000,155.4400000,155.8800000,154.7100000,155.0000000,2740480
20190321,140000,155.0000000,155.4600000,154.7500000,155.4300000,2050960
20190321,150000,155.4300000,155.5800000,154.5700000,154.7600000,1779950
20190321,160000,154.7600000,155.2800000,154.5700000,155.1300000,10534130
20190321,170000,155.1300000,155.1500000,154.5900000,154.9400000,1109080
20190321,180000,154.9300000,154.9500000,154.5200000,154.9200000,1073590
20190321,190000,154.9300000,155.3300000,154.9000000,155.3300000,2514620
20190322,110000,155.0200000,155.0200000,154.3100000,154.7300000,1746200
20190322,120000,154.7300000,154.9300000,153.5000000,153.9000000,3061270
20190322,130000,153.8900000,154.2200000,153.5100000,153.5200000,2291070
20190322,140000,153.5200000,153.6400000,153.0600000,153.5100000,2381250
20190322,150000,153.5200000,153.9400000,153.3000000,153.3900000,1351370
20190322,160000,153.3900000,153.4900000,153.0000000,153.0900000,2108390
20190322,170000,153.0900000,153.4700000,152.5700000,152.6000000,2256580
20190322,180000,152.6000000,152.7600000,152.0100000,152.0100000,3286700
20190322,190000,152.0200000,152.2900000,151.8500000,152.2900000,4713970
20190325,110000,151.2200000,151.6700000,150.7200000,151.1700000,3648090
20190325,120000,151.1700000,151.8500000,151.1000000,151.5700000,2408670
20190325,130000,151.6000000,152.0600000,151.3700000,151.5400000,3582890
20190325,140000,151.5500000,152.1000000,151.5000000,151.8200000,1343490
20190325,150000,151.8300000,151.8800000,151.4100000,151.4300000,1139580
20190325,160000,151.4200000,151.7800000,151.3700000,151.6700000,1157500
20190325,170000,151.6600000,152.0500000,151.3000000,151.4300000,2324210
20190325,180000,151.3900000,152.0100000,151.3900000,151.7800000,2507280
20190325,190000,151.7800000,152.2900000,151.6200000,152.2900000,4378260
20190326,110000,151.9900000,152.3400000,151.3700000,151.6700000,1777320
20190326,120000,151.6700000,151.8800000,150.8300000,151.8400000,2866900
20190326,130000,151.8400000,152.9100000,151.8300000,152.6700000,3719680
20190326,140000,152.6300000,152.6800000,151.9000000,152.1200000,2431890
20190326,150000,152.1200000,152.2300000,151.3600000,151.6000000,1906270
20190326,160000,151.6000000,151.7600000,151.2500000,151.3600000,2028470
20190326,170000,151.4000000,152.1100000,151.3600000,151.8500000,2164900
20190326,180000,151.8200000,152.0800000,151.6800000,151.7700000,1868160
20190326,190000,151.7700000,151.7700000,151.1200000,151.1200000,2843380
20190327,110000,150.9000000,151.4400000,150.1500000,150.6500000,4073400
20190327,120000,150.6500000,150.8600000,149.7200000,150.0000000,3953580
20190327,130000,149.9900000,150.3500000,149.4300000,149.5800000,3266180
20190327,140000,149.5700000,149.7900000,149.0300000,149.4500000,2917040
20190327,150000,149.4500000,149.6400000,149.3000000,149.4000000,1140240
20190327,160000,149.4300000,149.9400000,149.3800000,149.6500000,1571600
20190327,170000,149.6700000,150.0700000,149.3500000,149.5100000,1448810
20190327,180000,149.5600000,150.2400000,149.4000000,149.9100000,2041000
20190327,190000,149.9300000,149.9900000,149.4900000,149.4900000,3464180
20190328,110000,149.6800000,150.1500000,149.2700000,149.3800000,1336560
20190328,120000,149.3700000,149.7800000,148.8300000,149.7500000,2077580
20190328,130000,149.7500000,150.2300000,149.7400000,150.0800000,1342080
20190328,140000,150.0700000,150.7500000,149.9800000,150.4900000,1774780
20190328,150000,150.4500000,150.6000000,150.0200000,150.0700000,1564900
20190328,160000,150.0600000,150.4100000,149.9100000,149.9600000,1616740
20190328,170000,149.9700000,150.2000000,149.6200000,149.7400000,1862400
20190328,180000,149.7600000,150.5800000,149.5100000,150.3600000,2707070
20190328,190000,150.3800000,150.4400000,149.9800000,149.9800000,2085960
20190329,110000,150.1700000,151.6400000,150.1700000,151.0000000,3892690
20190329,120000,150.9700000,151.0000000,149.5200000,149.5700000,5967810
20190329,130000,149.6300000,150.0500000,149.5000000,149.7500000,1584670
20190329,140000,149.8000000,150.4700000,149.7000000,150.4000000,1649740
20190329,150000,150.3600000,150.7900000,150.3500000,150.5700000,1404960
20190329,160000,150.5700000,150.5700000,150.2700000,150.4000000,559650
20190329,170000,150.4400000,150.6500000,149.6600000,149.8300000,1646400
20190329,180000,149.8300000,150.1000000,149.1300000,149.3600000,5217510
20190329,190000,149.3200000,149.9000000,149.2200000,149.6100000,4503650
20190401,110000,150.2700000,151.4000000,149.9200000,150.3900000,3243370
20190401,120000,150.3600000,150.9900000,150.3600000,150.6900000,1665700
20190401,130000,150.6900000,151.2700000,150.6600000,151.0700000,1845370
20190401,140000,151.0600000,152.7300000,150.9700000,152.4000000,6719930
20190401,150000,152.3900000,153.0000000,152.0700000,152.8200000,4685820
20190401,160000,152.8200000,153.2300000,152.6800000,153.1700000,3382630
20190401,170000,153.1700000,154.1500000,153.1700000,153.8000000,6312590
20190401,180000,153.8500000,154.4800000,153.8500000,154.4400000,4774720
20190401,190000,154.4400000,154.8100000,154.3500000,154.5300000,4384510
20190402,110000,154.8500000,155.2900000,154.5100000,155.1200000,5471880
20190402,120000,155.1100000,155.1400000,153.3000000,153.8000000,5119920
20190402,130000,153.7800000,154.3500000,153.7000000,154.3400000,1010270
20190402,140000,154.3400000,155.3500000,154.1800000,155.0700000,4313170
20190402,150000,155.0400000,155.1900000,153.8500000,153.9100000,1779140
20190402,160000,153.9100000,154.1500000,153.4500000,153.6700000,1947840
20190402,170000,153.6700000,154.9300000,153.5500000,154.8500000,2662310
20190402,180000,154.8500000,155.8000000,154.6100000,155.4300000,6257630
20190402,190000,155.4500000,155.5800000,155.0000000,155.0000000,2370670
20190403,110000,155.3500000,156.6400000,155.3100000,156.3400000,7281840
20190403,120000,156.3400000,156.5500000,156.0000000,156.1900000,2968430
20190403,130000,156.2200000,156.2300000,155.7100000,155.9200000,2035280
20190403,140000,155.8800000,156.4800000,155.8000000,156.3500000,3463390
20190403,150000,156.3500000,156.5700000,156.2100000,156.4200000,1478060
20190403,160000,156.4200000,156.6000000,156.3000000,156.4100000,2648980
20190403,170000,156.4600000,157.2900000,156.4300000,156.8000000,5295970
20190403,180000,156.7700000,157.5800000,156.5000000,157.4200000,5151210
20190403,190000,157.4400000,157.5800000,156.9900000,156.9900000,3444320
20190404,110000,156.8000000,157.0000000,156.4600000,156.7900000,3403040
20190404,120000,156.8300000,157.0000000,156.4000000,156.6200000,2609590
20190404,130000,156.6300000,157.4600000,156.6100000,157.1500000,2238660
20190404,140000,157.1500000,157.5000000,156.7600000,157.3700000,1305520
20190404,150000,157.3300000,157.5800000,157.1200000,157.5600000,1181490
20190404,160000,157.5300000,157.7500000,157.2500000,157.5900000,1259740
20190404,170000,157.6100000,157.9500000,157.0900000,157.8400000,2909620
20190404,180000,157.8400000,158.6000000,157.7000000,158.5200000,3488810
20190404,190000,158.5300000,158.8900000,158.1500000,158.8900000,4566400
20190405,110000,158.3700000,159.0400000,157.8700000,158.7900000,4375890
20190405,120000,158.7900000,159.5000000,158.5300000,158.7900000,3821210
20190405,130000,158.7900000,159.1700000,158.5300000,158.7500000,2610580
20190405,140000,158.7100000,158.9900000,158.5300000,158.8200000,2442310
20190405,150000,158.8000000,159.0000000,158.5400000,158.6200000,1138790
20190405,160000,158.6600000,159.1000000,158.6400000,158.7600000,1434280
20190405,170000,158.7500000,159.0900000,158.3400000,159.0500000,1928430
20190405,180000,159.0400000,159.3000000,158.8700000,158.9300000,2366240
20190405,190000,158.9400000,159.2500000,158.6000000,158.6000000,2718580
20190408,110000,158.8700000,160.3700000,158.8700000,160.1400000,5241320
20190408,120000,160.1200000,160.8800000,159.8600000,160.3400000,5635090
20190408,130000,160.3800000,160.4600000,159.9000000,159.9600000,1958420
20190408,140000,159.9400000,160.1700000,159.6800000,159.7700000,1348500
20190408,150000,159.7800000,160.2300000,159.6800000,160.1500000,1565820
20190408,160000,160.1500000,160.4000000,159.7500000,159.9000000,2301800
20190408,170000,159.8600000,160.4000000,159.8000000,160.0900000,2164050
20190408,180000,160.0800000,160.3700000,159.8200000,160.1500000,2771380
20190408,190000,160.1200000,160.5000000,160.0000000,160.5000000,2805740
20190409,110000,160.4500000,161.9700000,159.8000000,161.7600000,6000670
20190409,120000,161.7600000,162.0800000,161.4000000,161.8100000,3207840
20190409,130000,161.7900000,161.8300000,161.3300000,161.4100000,1547310
20190409,140000,161.4100000,162.2000000,161.1100000,162.0900000,3213490
20190409,150000,162.0100000,162.7500000,161.9000000,162.0600000,4148530
20190409,160000,162.0900000,163.3500000,162.0600000,163.0200000,6179490
20190409,170000,163.0200000,163.1000000,161.9000000,162.1500000,8342690
20190409,180000,162.1800000,162.8700000,162.1000000,162.3600000,4796290
20190409,190000,162.3800000,163.0000000,162.3300000,162.7000000,2701940
20190410,110000,162.4000000,163.8300000,162.1200000,163.2000000,4198040
20190410,120000,163.2500000,163.4900000,163.0900000,163.2900000,2865520
20190410,130000,163.2900000,164.9500000,163.0000000,164.8500000,7357970
20190410,140000,164.8300000,164.9500000,164.2400000,164.3200000,2702040
20190410,150000,164.3500000,164.6000000,163.8500000,164.1500000,2171450
20190410,160000,164.1700000,164.4900000,163.9900000,164.4200000,2740760
20190410,170000,164.4000000,164.7900000,164.1500000,164.2500000,4323560
20190410,180000,164.2700000,164.3500000,163.7600000,163.8700000,4166960
20190410,190000,163.8700000,164.0900000,162.7700000,162.8800000,8422140
20190411,110000,162.3700000,162.9500000,161.1200000,161.7700000,11374100
20190411,120000,161.7500000,162.8500000,161.6100000,161.7900000,2933900
20190411,130000,161.8100000,161.9400000,160.1900000,160.3900000,4631280
20190411,140000,160.4000000,160.5800000,159.6600000,160.3100000,4645870
20190411,150000,160.2900000,160.9000000,159.7100000,159.9400000,2835510
20190411,160000,159.9400000,160.0900000,159.3200000,159.7500000,3721620
20190411,170000,159.7400000,160.0500000,158.3700000,158.4100000,6006420
20190411,180000,158.4100000,159.0400000,158.4100000,158.8400000,4022340
20190411,190000,158.8400000,158.9800000,158.0400000,158.0400000,4747280
20190412,110000,158.5700000,159.3000000,158.1600000,158.9900000,3116460
20190412,120000,158.9900000,160.3000000,158.9400000,160.0900000,5650500
20190412,130000,160.0900000,160.1400000,158.8100000,158.9200000,3213000
20190412,140000,158.9000000,159.4300000,158.8700000,159.2100000,1090830
20190412,150000,159.2100000,160.0000000,158.8700000,159.9800000,2252470
20190412,160000,159.9700000,160.4600000,159.6300000,159.7300000,2637310
20190412,170000,159.7500000,159.8300000,158.8800000,159.0800000,2824160
20190412,180000,159.0700000,159.2500000,157.9000000,158.7500000,5570410
20190412,190000,158.6600000,159.2500000,158.3700000,159.1200000,2937340
20190415,110000,160.0000000,160.1000000,159.0100000,159.6400000,2029600
20190415,120000,159.6400000,160.6000000,159.5900000,160.5300000,2866560
20190415,130000,160.5300000,160.5600000,160.0000000,160.2100000,2018270
20190415,140000,160.2000000,160.2700000,160.0400000,160.1300000,866150
20190415,150000,160.1100000,160.1400000,159.4500000,159.8900000,1487170
20190415,160000,159.9000000,159.9000000,159.0100000,159.2200000,1011950
20190415,170000,159.2000000,159.5100000,158.2100000,158.5900000,2147580
20190415,180000,158.5800000,158.7000000,157.6200000,158.4600000,3952060
20190415,190000,158.4600000,158.5800000,158.3000000,158.3300000,1782470
20190416,110000,158.9900000,159.2900000,158.6300000,159.0000000,2372160
20190416,120000,159.0000000,159.0600000,158.2100000,158.4200000,1915770
20190416,130000,158.4200000,158.7500000,158.4000000,158.4800000,907460
20190416,140000,158.4800000,159.1500000,158.4600000,158.9000000,1073700
20190416,150000,158.9000000,160.3000000,158.9000000,160.2400000,2811110
20190416,160000,160.2700000,160.5000000,159.7000000,160.0800000,2690870
20190416,170000,160.0600000,160.0900000,159.3800000,159.9300000,1461360
20190416,180000,159.9000000,162.7000000,159.7200000,162.3100000,6063500
20190416,190000,162.3100000,163.4200000,162.0100000,162.2400000,7972440
20190417,110000,163.0000000,163.5900000,162.4200000,162.9500000,4317180
20190417,120000,162.9000000,163.4000000,162.4000000,163.1000000,3082950
20190417,130000,163.0600000,163.2900000,162.8100000,163.1100000,1485970
20190417,140000,163.1100000,163.3900000,163.1000000,163.3600000,836970
20190417,150000,163.3700000,164.7500000,163.2200000,164.7500000,4223410
20190417,160000,164.7200000,165.4000000,164.1700000,165.0400000,4869940
20190417,170000,165.0300000,165.1200000,163.8700000,163.8700000,3549120
20190417,180000,163.9000000,164.5900000,163.3700000,164.0900000,3156140
20190417,190000,164.0300000,164.0700000,163.2000000,164.0000000,2861880
20190418,110000,163.6200000,163.7900000,162.2000000,162.5900000,4105940
20190418,120000,162.6000000,162.8500000,162.2700000,162.8200000,1314470
20190418,130000,162.8500000,162.8700000,162.4400000,162.5900000,854700
20190418,140000,162.5900000,163.2700000,162.3300000,162.4300000,1579850
20190418,150000,162.4400000,162.5300000,161.7000000,161.9200000,2466690
20190418,160000,161.9100000,162.3000000,161.8100000,162.0800000,1533240
20190418,170000,162.0700000,162.1000000,161.3100000,161.6200000,2961600
20190418,180000,161.6200000,161.6200000,160.8500000,161.2400000,2692780
20190418,190000,161.2300000,161.7900000,161.1300000,161.7900000,2109760
20190419,110000,161.9400000,162.1500000,161.5000000,161.9500000,1110330
20190419,120000,161.9500000,162.0000000,161.7900000,161.9700000,319660
20190419,130000,161.9700000,162.0500000,161.8800000,162.0200000,432300
20190419,140000,162.0500000,162.1100000,161.9400000,162.1000000,280520
20190419,150000,162.0700000,162.1100000,161.8500000,162.0200000,304740
20190419,160000,162.0200000,162.0800000,161.9300000,162.0800000,196520
20190419,170000,162.0300000,162.1000000,162.0200000,162.0600000,167070
20190419,180000,162.0900000,162.1000000,161.8500000,161.9400000,263550
20190419,190000,161.9400000,162.5700000,161.9300000,162.5700000,771460
20190422,110000,163.2100000,164.3400000,163.1800000,163.9100000,2812410
20190422,120000,163.9500000,164.0000000,163.6000000,163.8200000,1162820
20190422,130000,163.8200000,163.8400000,163.2900000,163.5000000,486140
20190422,140000,163.4700000,163.6000000,163.3300000,163.4800000,613500
20190422,150000,163.4200000,163.4800000,163.0000000,163.1700000,566170
20190422,160000,163.1500000,163.4600000,162.7600000,163.3300000,703040
20190422,170000,163.3200000,163.4000000,163.0800000,163.4000000,723680
20190422,180000,163.3700000,163.4000000,162.8000000,163.2500000,699160
20190422,190000,163.2700000,163.6000000,163.2000000,163.5000000,1165230
20190423,110000,163.5800000,163.8500000,162.8100000,163.1400000,1755310
20190423,120000,163.1000000,163.4600000,162.9200000,163.3800000,1018800
20190423,130000,163.3700000,163.6000000,163.2000000,163.4900000,1105640
20190423,140000,163.4900000,163.6000000,163.1100000,163.1800000,641460
20190423,150000,163.1800000,163.3000000,162.9500000,163.0200000,709030
20190423,160000,163.0200000,163.1200000,162.3500000,162.5900000,2433800
20190423,170000,162.5700000,162.5900000,161.1000000,161.2800000,3035040
20190423,180000,161.2500000,161.6400000,160.9100000,161.3600000,1972930
20190423,190000,161.3900000,162.4200000,161.3300000,162.4200000,2471860
20190424,110000,162.9300000,163.0700000,161.1800000,161.6700000,5157930
20190424,120000,161.6700000,161.9200000,161.2200000,161.6000000,1263910
20190424,130000,161.5600000,161.7400000,161.0900000,161.6400000,946510
20190424,140000,161.6400000,161.7500000,160.6500000,160.9000000,1495420
20190424,150000,160.9200000,160.9800000,160.5600000,160.7900000,777770
20190424,160000,160.7700000,161.0900000,160.6400000,160.7100000,1081890
20190424,170000,160.7100000,161.0400000,159.2900000,159.6000000,4865280
20190424,180000,159.6400000,160.5500000,159.1800000,160.3600000,3588800
20190424,190000,160.3400000,160.9300000,159.6300000,160.5700000,6536600
20190425,110000,160.1900000,160.3900000,158.8000000,158.9400000,4021390
20190425,120000,158.9400000,160.4500000,158.9100000,160.2500000,2785520
20190425,130000,160.2700000,160.6200000,159.7800000,160.6200000,2192880
20190425,140000,160.6200000,160.9500000,160.3600000,160.3900000,1345450
20190425,150000,160.3900000,160.7300000,159.8200000,160.5900000,1214180
20190425,160000,160.6000000,160.8500000,159.9000000,160.0700000,1271750
20190425,170000,160.0700000,160.2000000,159.4000000,159.5900000,1860590
20190425,180000,159.5900000,159.9700000,158.8000000,159.1900000,3510240
20190425,190000,159.2000000,159.4500000,158.9000000,159.3100000,3503450
20190426,110000,159.0500000,159.9000000,158.5800000,159.8000000,2943320
20190426,120000,159.8400000,160.0700000,158.7400000,159.2800000,1825340
20190426,130000,159.2500000,159.4800000,158.7900000,159.0900000,769250
20190426,140000,159.0700000,159.5200000,159.0000000,159.3800000,565700
20190426,150000,159.4100000,160.4300000,159.1000000,160.0400000,1922770
20190426,160000,160.0400000,160.6700000,159.1900000,160.6400000,1882120
20190426,170000,160.6400000,161.0000000,159.7000000,159.8400000,2347290
20190426,180000,159.8600000,160.3800000,159.3400000,159.7200000,2017740
20190426,190000,159.7300000,161.0000000,159.6600000,161.0000000,3348030
20190429,110000,161.2000000,163.4400000,160.6800000,163.0000000,6822290
20190429,120000,163.0300000,163.7000000,162.2400000,162.7100000,3308620
20190429,130000,162.7100000,162.9800000,161.8100000,162.5300000,2345890
20190429,140000,162.5200000,162.9000000,162.1000000,162.8300000,1260090
20190429,150000,162.8300000,163.2000000,162.4000000,162.7500000,1830570
20190429,160000,162.7500000,163.0500000,162.6000000,162.8100000,1010140
20190429,170000,162.8500000,162.8500000,161.8600000,161.9700000,2473030
20190429,180000,161.9400000,164.7400000,161.8000000,164.2300000,8580610
20190429,190000,164.2400000,164.4000000,163.5300000,163.9300000,3549110
20190430,110000,164.0300000,164.1000000,163.0100000,163.1400000,3746580
20190430,120000,163.2000000,164.5900000,163.0900000,164.4600000,4041340
20190430,130000,164.4400000,165.1000000,164.3100000,164.6900000,4579920
20190430,140000,164.6900000,165.2500000,164.5100000,165.1300000,2891380
20190430,150000,165.0800000,165.4000000,164.7300000,164.9600000,2041330
20190430,160000,164.9800000,165.3000000,164.9300000,164.9800000,1602500
20190430,170000,164.9800000,165.0100000,164.1200000,164.4800000,2685290
20190430,180000,164.4900000,164.6400000,164.2300000,164.4100000,2281550
20190430,190000,164.4000000,164.4500000,163.0500000,163.9500000,7448590
20190502,110000,163.6700000,166.2800000,163.6700000,166.0000000,5629740
20190502,120000,166.0000000,166.1000000,165.5700000,165.9000000,2222170
20190502,130000,165.8400000,166.3500000,165.8400000,166.2500000,1428100
20190502,140000,166.2400000,166.4200000,166.1700000,166.3600000,1021760
20190502,150000,166.3300000,166.4400000,166.0000000,166.3500000,752390
20190502,160000,166.2800000,166.7500000,166.0400000,166.4900000,2675330
20190502,170000,166.4900000,166.8500000,166.1100000,166.1300000,2458050
20190502,180000,166.1100000,166.4500000,165.9300000,166.1900000,1719820
20190502,190000,166.1900000,166.3500000,165.7100000,165.7100000,2780380
20190503,110000,166.2100000,166.9800000,165.9100000,166.4200000,2414230
20190503,120000,166.4300000,166.8000000,166.2500000,166.6800000,1970460
20190503,130000,166.6800000,166.8800000,166.1200000,166.4200000,1397690
20190503,140000,166.3900000,166.6600000,166.1600000,166.2600000,594840
20190503,150000,166.2500000,166.6000000,166.1600000,166.2700000,375680
20190503,160000,166.2700000,166.7000000,166.1800000,166.3700000,994610
20190503,170000,166.3700000,166.6800000,165.8300000,166.2300000,2132600
20190503,180000,166.2300000,166.7600000,166.0700000,166.6000000,1584070
20190503,190000,166.5900000,166.7000000,166.2900000,166.3100000,1755940
20190506,110000,164.9800000,165.0800000,163.6100000,164.6100000,4253720
20190506,120000,164.6100000,164.6500000,163.4300000,163.5900000,2985940
20190506,130000,163.5400000,164.2700000,163.3400000,164.2000000,1650430
20190506,140000,164.2000000,164.4000000,163.8500000,164.1600000,751100
20190506,150000,164.1600000,164.3600000,164.0400000,164.2900000,410400
20190506,160000,164.2900000,164.3300000,163.8000000,164.0400000,1270900
20190506,170000,163.9900000,164.6000000,163.8800000,164.5700000,1121680
20190506,180000,164.6000000,164.9200000,164.4500000,164.7600000,985520
20190506,190000,164.7600000,165.4500000,164.5000000,165.4500000,1983730
20190507,110000,165.0100000,166.1700000,164.8900000,166.1300000,3977150
20190507,120000,166.1400000,166.2700000,165.6800000,166.0000000,2196040
20190507,130000,165.9700000,166.0000000,165.3200000,165.5800000,1519370
20190507,140000,165.6000000,165.7200000,165.2000000,165.2600000,647500
20190507,150000,165.2500000,165.9700000,165.2000000,165.4200000,1587370
20190507,160000,165.4600000,165.4600000,165.0400000,165.0800000,1194370
20190507,170000,165.0800000,165.7500000,165.0600000,165.5800000,1800820
20190507,180000,165.5700000,165.6400000,164.6800000,164.7100000,3294200
20190507,190000,164.6800000,165.0000000,164.2100000,164.2100000,3022640
20190508,110000,164.4900000,165.1600000,163.7200000,164.8800000,2984990
20190508,120000,164.8900000,165.4400000,164.1100000,164.1100000,1872220
20190508,130000,164.1000000,164.3600000,163.5500000,163.8100000,2310500
20190508,140000,163.8100000,164.3100000,163.7600000,164.1900000,931390
20190508,150000,164.1800000,164.4000000,163.8400000,164.0300000,1726680
20190508,160000,164.0500000,164.6100000,163.8300000,164.2300000,1170210
20190508,170000,164.2300000,164.7100000,164.1600000,164.2700000,1325250
20190508,180000,164.3600000,164.8100000,164.0600000,164.7600000,1600970
20190508,190000,164.8000000,164.8400000,163.5700000,163.5700000,3942200
20190510,110000,163.6100000,164.9000000,163.5100000,163.9200000,2877860
20190510,120000,163.9500000,164.1600000,163.2700000,163.4900000,1696920
20190510,130000,163.4900000,163.7500000,163.2000000,163.5800000,1739760
20190510,140000,163.5900000,163.9500000,163.3000000,163.4400000,871320
20190510,150000,163.4600000,163.8200000,163.3700000,163.7600000,773400
20190510,160000,163.7500000,163.9000000,163.4300000,163.8100000,876230
20190510,170000,163.8500000,163.9000000,163.1500000,163.2700000,1385910
20190510,180000,163.3000000,163.3100000,162.6200000,163.2300000,3175460
20190510,190000,163.2300000,163.9000000,163.2100000,163.6100000,2718640
20190513,110000,163.5400000,164.1400000,163.1000000,163.8300000,2836380
20190513,120000,163.8300000,163.9300000,163.4500000,163.5300000,1241010
20190513,130000,163.5400000,164.2100000,163.5100000,164.1000000,1808980
20190513,140000,164.1400000,164.3400000,163.8000000,164.1500000,1404400
20190513,150000,164.1300000,164.2000000,163.7300000,163.8600000,1377100
20190513,160000,163.9000000,164.1400000,163.3500000,163.4100000,1227270
20190513,170000,163.3600000,163.4500000,163.0500000,163.4400000,1734770
20190513,180000,163.4000000,163.5000000,163.0000000,163.0800000,2656030
20190513,190000,163.0800000,163.4100000,163.0000000,163.0000000,2643950
20190514,110000,163.0000000,163.6300000,162.9000000,163.1000000,2067980
20190514,120000,163.1300000,163.6000000,162.9200000,163.4700000,1886740
20190514,130000,163.4900000,163.5500000,163.0100000,163.2100000,1374740
20190514,140000,163.2100000,163.3600000,162.9200000,163.0200000,1248840
20190514,150000,163.0000000,163.1000000,162.6900000,162.8400000,1897860
20190514,160000,162.8500000,178.0500000,162.6500000,177.9300000,34455580
20190514,170000,177.8900000,182.7300000,177.0200000,180.7500000,49888310
20190514,180000,180.7500000,189.0000000,180.7000000,186.9400000,54915000
20190514,190000,186.9400000,190.9000000,186.9400000,189.6700000,34420480
20190515,110000,193.0300000,196.4900000,192.2900000,195.7800000,37641270
20190515,120000,195.7800000,197.6000000,195.5700000,197.2100000,18733630
20190515,130000,197.2100000,198.4000000,194.8600000,195.1700000,24027040
20190515,140000,195.1700000,197.2200000,194.4300000,194.6300000,15223870
20190515,150000,194.6400000,195.1700000,192.7000000,194.5900000,9638870
20190515,160000,194.5900000,195.7400000,194.1500000,194.7300000,6713510
20190515,170000,194.6900000,196.4900000,194.2100000,195.3300000,7338430
20190515,180000,195.3300000,196.1400000,194.4000000,195.0000000,6798610
20190515,190000,194.9900000,196.5000000,194.0700000,195.6100000,8926800
20190516,110000,194.6100000,198.6800000,194.2400000,198.5000000,16765810
20190516,120000,198.4900000,199.9400000,198.0000000,198.7200000,13136560
20190516,130000,198.7200000,199.8000000,197.0400000,198.0800000,16453390
20190516,140000,198.0200000,199.4300000,197.9000000,199.1600000,4625630
20190516,150000,199.1600000,199.3800000,198.5500000,199.2900000,2688370
20190516,160000,199.2900000,199.8000000,198.8200000,199.6100000,4257840
20190516,170000,199.5300000,199.9000000,199.1500000,199.8400000,5593680
20190516,180000,199.8400000,202.9900000,199.3500000,201.5700000,21410470
20190516,190000,201.5400000,203.4500000,200.5500000,202.7000000,15008090
20190517,110000,201.8100000,202.3000000,198.5000000,198.8800000,14866840
20190517,120000,198.8600000,199.8100000,197.7100000,198.9100000,9712330
20190517,130000,198.9400000,199.3300000,198.5000000,198.8700000,2765390
20190517,140000,198.8300000,199.5600000,198.7400000,199.1100000,2855750
20190517,150000,199.1100000,199.2400000,198.2000000,198.7800000,2064540
20190517,160000,198.7300000,198.8500000,198.3400000,198.6500000,2467140
20190517,170000,198.6900000,200.9400000,198.2100000,200.3500000,5343640
20190517,180000,200.3000000,200.3500000,199.2300000,199.9600000,5239300
20190517,190000,199.9700000,200.2700000,198.8900000,198.8900000,4184000
20190520,110000,200.2000000,200.4400000,198.3000000,198.6500000,4736690
20190520,120000,198.6500000,199.7800000,198.5100000,199.3600000,2881100
20190520,130000,199.3100000,200.0000000,199.1500000,199.5600000,1927320
20190520,140000,199.5900000,199.6900000,199.1500000,199.6100000,2080480
20190520,150000,199.6400000,200.0800000,199.5000000,199.7200000,2012490
20190520,160000,199.6900000,199.8400000,199.4900000,199.6500000,1764130
20190520,170000,199.7200000,199.9400000,199.5000000,199.6000000,2077530
20190520,180000,199.6500000,200.0200000,199.5300000,199.7600000,3138710
20190520,190000,199.7600000,201.4800000,199.6400000,200.8000000,6639000
20190521,110000,201.4000000,201.4800000,199.0100000,200.4100000,8675380
20190521,120000,200.3800000,204.6900000,199.9400000,204.5000000,12048650
20190521,130000,204.5000000,207.3300000,204.1100000,206.1600000,15440490
20190521,140000,206.2200000,208.7800000,206.0000000,207.6900000,10308240
20190521,150000,207.7000000,209.4900000,207.0400000,209.1500000,8098410
20190521,160000,209.0900000,210.9800000,209.0500000,210.4100000,9100700
20190521,170000,210.3900000,210.9200000,207.5400000,207.9600000,10045050
20190521,180000,207.9800000,209.3700000,207.8600000,208.4400000,5806020
20190521,190000,208.4000000,208.5100000,206.0700000,207.8000000,11200260
20190522,110000,208.9200000,210.1100000,206.5100000,206.6600000,8641770
20190522,120000,206.7200000,207.7300000,206.3300000,206.8100000,3822640
20190522,130000,206.7600000,208.5000000,206.6900000,207.7500000,4521920
20190522,140000,207.7400000,207.7800000,206.7100000,207.0100000,2082330
20190522,150000,207.0100000,208.2700000,207.0000000,207.6400000,1895930
20190522,160000,207.5800000,208.4300000,207.4800000,208.0300000,3049710
20190522,170000,208.0800000,208.9400000,207.9200000,208.6000000,3068560
20190522,180000,208.5900000,208.7700000,207.8200000,208.5300000,3837510
20190522,190000,208.5200000,208.9600000,208.0900000,208.1000000,3994610
20190523,110000,207.1000000,207.8500000,205.8400000,207.3700000,7781460
20190523,120000,207.3900000,208.2500000,206.7400000,207.5200000,3330260
20190523,130000,207.5800000,208.4000000,207.5100000,208.3400000,2652080
20190523,140000,208.3800000,209.4400000,208.2800000,208.8800000,3965840
20190523,150000,208.8800000,212.1800000,208.7500000,210.8100000,10050810
20190523,160000,210.8500000,211.3900000,208.5900000,208.8800000,8534950
20190523,170000,208.8200000,209.3900000,208.0900000,209.0500000,5863830
20190523,180000,209.1100000,210.3200000,208.6100000,210.1300000,6140280
20190523,190000,210.1500000,210.8600000,208.3000000,208.8600000,6104150
20190524,110000,209.4900000,210.2000000,208.4000000,208.9000000,3470390
20190524,120000,208.9000000,209.2000000,208.4900000,208.9300000,1422550
20190524,130000,208.9300000,209.1000000,207.8500000,208.1500000,1752810
20190524,140000,208.1700000,208.9000000,208.0400000,208.2600000,1643540
20190524,150000,208.2800000,208.4200000,207.0300000,207.1000000,3488500
20190524,160000,207.1300000,207.5300000,206.5700000,207.2700000,2631670
20190524,170000,207.3200000,207.3600000,206.4000000,206.4000000,2305490
20190524,180000,206.4000000,206.7900000,204.6600000,205.1100000,6033090
20190524,190000,205.0800000,205.5100000,203.7600000,204.5000000,6229570
20190527,110000,204.2500000,205.6900000,200.8400000,204.1300000,10124180
20190527,120000,204.1300000,205.7500000,204.0000000,205.4500000,4548600
20190527,130000,205.4100000,206.4000000,204.7500000,205.4800000,3824940
20190527,140000,205.4700000,205.9000000,204.8300000,205.6200000,1327100
20190527,150000,205.6000000,206.4000000,205.1100000,205.2900000,1227070
20190527,160000,205.3000000,205.5100000,204.1300000,204.4600000,1516200
20190527,170000,204.4400000,205.3900000,204.2500000,205.0200000,1180240
20190527,180000,205.0500000,205.8200000,204.6700000,205.6800000,1479850
20190527,190000,205.6800000,206.6000000,205.5300000,206.2000000,2879850
20190528,110000,206.0000000,206.0000000,204.2500000,205.0600000,6292200
20190528,120000,205.0000000,205.2500000,204.3000000,205.1400000,2031790
20190528,130000,205.1400000,205.4800000,204.6400000,205.0400000,1612340
20190528,140000,205.0300000,205.3500000,204.6600000,205.1000000,1304020
20190528,150000,205.0900000,205.2500000,204.5500000,204.8300000,1154690
20190528,160000,204.8300000,205.1600000,203.1200000,203.4800000,4298780
20190528,170000,203.4500000,203.7800000,202.6600000,202.8700000,4316640
20190528,180000,202.7700000,203.0000000,201.5000000,201.5700000,4725760
20190528,190000,201.5100000,203.1300000,201.0000000,203.1300000,35380030
20190529,110000,202.1000000,204.2500000,201.1100000,203.0900000,7742940
20190529,120000,203.0800000,203.9000000,202.8200000,203.6600000,3246650
20190529,130000,203.6600000,204.1000000,203.2600000,203.8600000,1840960
20190529,140000,203.9000000,206.1000000,203.6100000,205.9500000,5498190
20190529,150000,205.9300000,206.0300000,205.1100000,205.6900000,3151950
20190529,160000,205.6800000,207.6900000,205.4000000,206.7200000,5818210
20190529,170000,206.6700000,207.1300000,205.0300000,205.0900000,5996240
20190529,180000,205.0800000,206.5700000,205.0500000,206.1800000,3258950
20190529,190000,206.1900000,207.5000000,205.8000000,207.1400000,6331200
20190530,110000,207.9000000,212.2500000,207.5700000,211.0800000,15650500
20190530,120000,211.0500000,212.4500000,210.7700000,211.8100000,5649750
20190530,130000,211.7200000,211.8700000,211.0600000,211.2500000,1701130
20190530,140000,211.2000000,211.3400000,210.4200000,210.8000000,2315110
20190530,150000,210.8200000,210.9700000,210.3600000,210.6000000,2082410
20190530,160000,210.6000000,211.5000000,210.4500000,211.5000000,2823010
20190530,170000,211.5000000,213.7600000,211.1000000,213.3100000,7604630
20190530,180000,213.3100000,216.4500000,211.0000000,212.5300000,32783630
20190530,190000,212.5300000,213.2300000,211.6200000,213.1000000,6555460
20190531,110000,212.0000000,212.4500000,210.3600000,211.9300000,7025510
20190531,120000,211.9900000,213.5000000,211.2100000,213.2400000,4241130
20190531,130000,213.2400000,213.3100000,211.6000000,211.7800000,2665240
20190531,140000,211.7400000,211.8900000,210.0500000,211.3800000,3651920
20190531,150000,211.4400000,212.4900000,210.9800000,212.0100000,2076680
20190531,160000,212.0100000,212.8400000,211.5900000,212.1100000,2103140
20190531,170000,212.1900000,212.4800000,211.2400000,212.4800000,3094710
20190531,180000,212.4700000,214.2300000,211.7200000,214.0000000,7698790
20190531,190000,214.0000000,215.2700000,213.6600000,215.1000000,11025980
20190603,110000,214.4000000,216.2500000,213.5000000,216.1800000,8335990
20190603,120000,216.1300000,229.5900000,216.1200000,228.2400000,37489310
20190603,130000,228.2800000,241.2000000,227.1100000,241.0000000,52691790
20190603,140000,241.0000000,251.6500000,229.0000000,233.1500000,62514050
20190603,150000,233.1100000,239.1200000,232.5300000,234.8900000,15936580
20190603,160000,234.8700000,238.7000000,234.5200000,237.8300000,8744970
20190603,170000,237.7200000,238.8400000,234.2600000,234.2900000,9856220
20190603,180000,234.2900000,236.2400000,233.6000000,236.1200000,9910680
20190603,190000,236.1300000,238.7300000,235.1000000,235.5100000,13144150
20190604,110000,233.5000000,235.5900000,230.1400000,233.6000000,21083270
20190604,120000,233.5200000,233.6100000,224.4000000,226.5800000,24395540
20190604,130000,226.5000000,229.4000000,226.2700000,227.8500000,6347650
20190604,140000,227.8600000,229.1900000,227.5500000,227.8600000,4875450
20190604,150000,227.8800000,228.6000000,227.3000000,228.0100000,3635010
20190604,160000,228.0100000,228.6600000,226.4100000,227.5700000,4258720
20190604,170000,227.5500000,228.6000000,226.8500000,227.1600000,4635680
20190604,180000,227.1600000,227.4600000,223.5200000,224.8600000,13097380
20190604,190000,224.7900000,234.2000000,224.1400000,230.1600000,27139610
20190605,110000,230.2500000,233.3000000,228.0400000,229.4900000,13987790
20190605,120000,229.4900000,230.1300000,228.3000000,228.5000000,3233050
20190605,130000,228.5000000,230.1700000,228.5000000,229.7500000,2653230
20190605,140000,229.7400000,229.8500000,228.8100000,229.2400000,1968200
20190605,150000,229.1400000,230.5000000,229.0400000,230.0500000,4246340
20190605,160000,230.0000000,230.1800000,228.5700000,229.2700000,2801150
20190605,170000,229.1200000,229.8900000,228.2500000,229.4300000,3894690
20190605,180000,229.4400000,229.6600000,228.9000000,229.3200000,2685590
20190605,190000,229.3000000,231.1800000,229.2300000,230.0100000,4719140
20190606,110000,230.0000000,231.8000000,228.7100000,231.0800000,8933690
20190606,120000,231.1200000,233.8900000,230.3700000,232.9200000,10937960
20190606,130000,232.9800000,236.6200000,231.5000000,231.9100000,13657210
20190606,140000,232.0500000,233.0200000,231.5300000,231.8400000,3111850
20190606,150000,231.8600000,232.5000000,231.0100000,231.8200000,2893270
20190606,160000,231.8000000,232.3200000,230.8200000,231.3000000,3028500
20190606,170000,231.3800000,231.3800000,229.8000000,229.8500000,4460370
20190606,180000,229.8500000,231.9700000,229.8000000,231.8400000,3562380
20190606,190000,231.8000000,231.9600000,230.2600000,231.4500000,4670030
20190607,110000,233.1300000,233.7700000,230.0000000,231.5300000,9669270
20190607,120000,231.5400000,231.6800000,230.7000000,230.9800000,2875760
20190607,130000,230.9800000,232.2900000,230.7500000,232.0300000,4285400
20190607,140000,232.0100000,232.5000000,231.7200000,231.8600000,4269560
20190607,150000,231.9100000,232.4000000,231.5000000,231.9700000,5353980
20190607,160000,231.9700000,232.3000000,231.5100000,231.7300000,4521690
20190607,170000,231.7400000,232.4000000,231.6000000,231.9400000,3166720
20190607,180000,231.9400000,232.2700000,231.2000000,231.2200000,4708060
20190607,190000,231.2500000,231.6300000,230.5000000,230.5000000,3311530
20190610,110000,230.9600000,232.3000000,230.6600000,231.7000000,4829360
20190610,120000,231.6500000,232.2000000,231.1500000,231.3800000,1967330
20190610,130000,231.4400000,231.5500000,230.4000000,230.6500000,2222710
20190610,140000,230.6000000,231.9700000,230.4700000,231.7400000,1851570
20190610,150000,231.7900000,232.2500000,231.6000000,231.9000000,1622970
20190610,160000,231.9000000,233.1700000,231.3200000,232.5900000,3322830
20190610,170000,232.6600000,234.3000000,231.0000000,231.2700000,9134570
20190610,180000,231.2500000,232.1200000,230.6000000,231.8400000,2741020
20190610,190000,231.8800000,232.1400000,231.4800000,232.1000000,2869630
20190611,110000,232.3300000,233.2100000,231.1300000,232.5600000,4630420
20190611,120000,232.5100000,234.2700000,232.3200000,233.4000000,5444630
20190611,130000,233.4000000,237.6300000,233.0400000,236.1800000,11156470
20190611,140000,236.2200000,236.8000000,233.7600000,234.0500000,6648360
20190611,150000,234.1900000,234.9400000,234.0500000,234.5400000,2835270
20190611,160000,234.5500000,234.8500000,234.1300000,234.2500000,2285840
20190611,170000,234.2500000,234.6800000,233.6600000,233.8000000,3356240
20190611,180000,233.8000000,234.6900000,233.0100000,233.7700000,4358050
20190611,190000,233.8200000,234.8600000,233.6500000,234.8600000,4115400
20190613,110000,233.7400000,236.6200000,233.0100000,236.2000000,7401010
20190613,120000,236.2200000,237.2500000,234.6500000,236.1700000,5857390
20190613,130000,236.1500000,237.3500000,236.0000000,236.2200000,3080470
20190613,140000,236.2100000,236.2400000,234.6300000,235.0400000,5554730
20190613,150000,235.0100000,235.3600000,234.5100000,235.0000000,2286890
20190613,160000,235.0000000,235.5400000,234.7500000,234.7500000,1400830
20190613,170000,234.7900000,235.5800000,234.6200000,235.2800000,2231610
20190613,180000,235.3000000,235.3800000,234.5600000,234.5600000,2442290
20190613,190000,234.5900000,235.2400000,234.3000000,234.4400000,5089550
20190614,110000,234.3800000,235.4400000,232.9200000,234.7600000,5398340
20190614,120000,234.7300000,235.4000000,234.5200000,234.6500000,1878370
20190614,130000,234.6700000,235.0000000,233.9100000,234.1600000,1447980
20190614,140000,234.1700000,234.4700000,233.9500000,234.1600000,1023540
20190614,150000,234.1600000,234.8100000,233.8500000,233.9500000,1527630
20190614,160000,233.9000000,234.0200000,232.4200000,232.9500000,4047840
20190614,170000,233.0300000,233.0500000,231.7600000,231.9200000,3225270
20190614,180000,231.8600000,232.7000000,231.2600000,232.6500000,2770740
20190614,190000,232.6200000,232.7600000,231.5100000,231.5100000,4004840
20190617,110000,231.5500000,232.2600000,229.6300000,231.4300000,6648650
20190617,120000,231.3500000,231.5400000,230.2500000,230.5900000,2533400
20190617,130000,230.5000000,231.3800000,230.3000000,230.4000000,1566730
20190617,140000,230.4500000,232.3700000,230.4100000,231.9900000,3903210
20190617,150000,231.8700000,234.4400000,231.8500000,233.0700000,4685240
20190617,160000,233.1100000,233.2300000,231.8300000,232.2600000,2277890
20190617,170000,232.2200000,232.5700000,231.4100000,232.2000000,2552370
20190617,180000,232.2100000,232.6400000,231.0900000,231.2700000,2382370
20190617,190000,231.2700000,231.4400000,229.8100000,229.8100000,5773760
20190618,110000,229.6800000,230.1800000,229.2500000,229.6400000,5367680
20190618,120000,229.6500000,230.5000000,229.0000000,229.5700000,4568170
20190618,130000,229.5400000,229.9400000,229.1100000,229.4300000,1851930
20190618,140000,229.4300000,229.6600000,228.3000000,229.5000000,2989500
20190618,150000,229.5000000,230.3000000,229.1000000,229.9900000,2234360
20190618,160000,229.9900000,230.2600000,229.4400000,229.8900000,2634720
20190618,170000,229.8600000,231.6500000,229.7800000,231.4400000,4665730
20190618,180000,231.4700000,232.3000000,231.3000000,231.8100000,3242780
20190618,190000,231.8100000,232.1500000,231.1300000,232.1300000,4596030
20190619,110000,232.5000000,235.4200000,232.5000000,234.3200000,8708820
20190619,120000,234.3500000,235.0900000,233.1000000,233.3400000,5530520
20190619,130000,233.3700000,233.7200000,232.1700000,232.2600000,4635450
20190619,140000,232.2800000,232.9300000,232.1300000,232.5900000,3075670
20190619,150000,232.5500000,232.7800000,232.0000000,232.4600000,1914330
20190619,160000,232.5000000,233.1500000,232.3500000,232.6300000,1324050
20190619,170000,232.6400000,232.7100000,232.0600000,232.1600000,1863390
20190619,180000,232.2200000,232.7600000,232.1600000,232.4900000,1481860
20190619,190000,232.5000000,232.5000000,232.0000000,232.4600000,3257930
20190620,110000,234.0000000,234.4500000,232.6000000,233.1300000,6362180
20190620,120000,233.1500000,234.0800000,232.9500000,233.8400000,3928960
20190620,130000,233.8400000,234.0000000,233.6500000,233.8600000,2659330
20190620,140000,233.8500000,234.0000000,233.2300000,233.2700000,2662640
20190620,150000,233.2700000,233.6900000,232.9700000,233.1200000,4631050
20190620,160000,233.2000000,233.5900000,232.8600000,233.0900000,11459420
20190620,170000,233.0900000,233.1100000,232.2500000,232.5800000,4030240
20190620,180000,232.5800000,232.7600000,231.4500000,231.7400000,4534080
20190620,190000,231.7000000,232.5900000,231.5700000,232.5200000,4477100
20190621,110000,232.5000000,232.5200000,231.5100000,232.0500000,3063200
20190621,120000,232.0100000,232.1400000,231.1600000,231.2000000,1795830
20190621,130000,231.2000000,231.4200000,230.0500000,230.0500000,3016790
20190621,140000,230.0600000,231.2900000,230.0500000,231.2100000,1743580
20190621,150000,231.2000000,232.1700000,229.0000000,229.9300000,7996480
20190621,160000,229.9400000,232.1100000,229.7500000,230.9700000,3820840
20190621,170000,230.9400000,231.6800000,230.6600000,231.0800000,1628530
20190621,180000,231.1200000,231.2900000,230.1900000,230.2000000,2346630
20190621,190000,230.2000000,230.2800000,228.8500000,229.0900000,21615040
20190624,110000,229.5400000,231.2000000,229.4700000,230.4600000,3331040
20190624,120000,230.4600000,232.2000000,230.2400000,232.1700000,3239980
20190624,130000,232.1800000,232.2600000,231.5200000,231.8500000,1701740
20190624,140000,231.8900000,232.7600000,231.7700000,232.4500000,2616350
20190624,150000,232.4400000,232.5900000,231.5000000,232.4700000,2511620
20190624,160000,232.4800000,233.0400000,232.4500000,232.4600000,2683800
20190624,170000,232.4600000,232.8900000,231.6600000,231.8500000,1844750
20190624,180000,231.8500000,232.2500000,231.1700000,232.1400000,1752940
20190624,190000,232.1800000,232.4400000,231.5600000,232.3800000,2366150
20190625,110000,232.0200000,232.1900000,231.0400000,231.0600000,3547300
20190625,120000,231.1100000,231.2400000,229.6400000,229.9900000,4031870
20190625,130000,229.9900000,230.5400000,229.6400000,230.2900000,3140470
20190625,140000,230.2900000,230.4900000,229.8300000,230.2500000,1358940
20190625,150000,230.2300000,230.6000000,230.0300000,230.4000000,1015970
20190625,160000,230.4000000,230.4700000,229.9600000,230.2800000,795230
20190625,170000,230.3400000,230.6800000,229.8200000,229.9000000,1827620
20190625,180000,229.9100000,230.3200000,229.8400000,230.3200000,1525000
20190625,190000,230.3100000,232.0900000,230.2300000,232.0900000,4237200
20190626,110000,232.5200000,233.0300000,232.0000000,232.5500000,3251970
20190626,120000,232.6000000,233.2500000,232.2300000,232.6000000,3087130
20190626,130000,232.6600000,233.6000000,232.5700000,232.8000000,2483700
20190626,140000,232.8500000,233.0900000,232.4800000,233.0100000,996560
20190626,150000,233.0100000,233.2300000,232.2300000,232.3200000,923900
20190626,160000,232.3200000,232.8900000,232.1800000,232.4500000,1767620
20190626,170000,232.4600000,232.9300000,232.0000000,232.3300000,1596370
20190626,180000,232.4000000,233.1500000,232.1000000,233.0900000,2545190
20190626,190000,233.0900000,233.3200000,232.8800000,233.1000000,2542540
20190627,110000,233.0100000,234.9300000,232.7900000,234.6100000,5333110
20190627,120000,234.6100000,234.7500000,232.8000000,233.1500000,3304270
20190627,130000,233.1400000,234.0200000,232.7500000,233.7200000,2281390
20190627,140000,233.7200000,233.7800000,232.9000000,233.0800000,1508590
20190627,150000,233.1400000,233.4300000,232.7100000,233.0000000,908800
20190627,160000,232.9800000,233.5700000,232.6100000,233.3500000,879090
20190627,170000,233.3900000,234.1700000,233.2600000,233.4300000,2658000
20190627,180000,233.4200000,233.8000000,233.3700000,233.7600000,1620040
20190627,190000,233.7400000,233.7800000,232.6000000,232.6000000,3679830
20190628,110000,233.2100000,234.8700000,232.7800000,234.4300000,5245700
20190628,120000,234.4300000,234.7500000,233.7900000,234.4800000,2227010
20190628,130000,234.5100000,235.4700000,234.3200000,235.0400000,5263370
20190628,140000,235.0400000,235.2800000,234.4000000,234.5500000,2059740
20190628,150000,234.6100000,234.9000000,233.1000000,233.3100000,5146170
20190628,160000,233.3000000,233.3100000,232.3500000,233.0900000,6703630
20190628,170000,233.0800000,233.3500000,232.9000000,233.1500000,3160960
20190628,180000,233.2000000,233.7600000,232.8500000,232.9600000,5475900
20190628,190000,232.9600000,233.3800000,232.8000000,232.8300000,7134820
20190701,110000,234.1600000,236.4400000,234.1000000,235.8500000,7330880
20190701,120000,235.9100000,240.0000000,235.7000000,239.3300000,8572930
20190701,130000,239.2500000,241.2000000,239.0500000,240.4400000,9161880
20190701,140000,240.4400000,247.7900000,240.2500000,246.8100000,20018290
20190701,150000,246.8100000,247.6900000,244.3100000,245.9800000,11129280
20190701,160000,246.0600000,246.7100000,245.0100000,246.3400000,4548470
20190701,170000,246.3800000,248.4300000,246.0000000,246.4800000,10000570
20190701,180000,246.5000000,247.5000000,245.8000000,246.3000000,3788130
20190701,190000,246.3000000,246.6700000,245.2100000,245.5000000,5238800
20190702,110000,246.2500000,249.2600000,243.7000000,243.8800000,11675790
20190702,120000,243.8500000,246.1700000,243.8400000,245.3200000,4325000
20190702,130000,245.3600000,245.8000000,244.6700000,245.1100000,1735350
20190702,140000,245.1100000,245.4700000,244.5000000,245.3400000,1326280
20190702,150000,245.3300000,245.4000000,244.5000000,244.9600000,1450010
20190702,160000,244.9600000,245.3700000,244.5100000,244.9600000,1572630
20190702,170000,244.9600000,245.6000000,244.7000000,245.4100000,2146520
20190702,180000,245.4000000,246.6000000,245.1900000,246.0000000,3811950
20190702,190000,246.0000000,246.6500000,245.4300000,246.6500000,3473380
20190703,110000,246.0100000,250.2500000,245.5500000,249.8900000,12398110
20190703,120000,249.8300000,250.0800000,248.0200000,248.9000000,5768930
20190703,130000,248.8400000,249.6300000,248.3200000,248.9100000,1922360
20190703,140000,248.9100000,249.6000000,248.5100000,249.3800000,1530680
20190703,150000,249.3300000,249.9000000,248.8600000,249.5600000,1941780
20190703,160000,249.4900000,251.4500000,249.0600000,250.7400000,6888650
20190703,170000,250.8000000,251.6000000,250.1100000,250.4100000,6052290
20190703,180000,250.4500000,251.4400000,250.3200000,250.7400000,2528560
20190703,190000,250.7600000,251.6000000,250.5500000,251.6000000,5663780
20190704,110000,251.6000000,254.9000000,250.6100000,254.2700000,10677310
20190704,120000,254.3400000,256.2500000,254.2100000,255.8000000,9243450
20190704,130000,255.7700000,256.4000000,254.5600000,254.6300000,3994200
20190704,140000,254.6800000,254.8500000,251.8000000,252.3500000,6170420
20190704,150000,252.3600000,253.4000000,251.6100000,253.1600000,3219720
20190704,160000,253.1500000,254.2700000,252.8000000,254.1000000,2298410
20190704,170000,254.1300000,254.7800000,253.6800000,254.6000000,2439820
20190704,180000,254.6000000,254.6600000,254.1500000,254.3700000,1501960
20190704,190000,254.3600000,255.4300000,254.3100000,255.3500000,3911310
20190705,110000,255.2000000,255.9600000,253.1800000,254.6000000,6179600
20190705,120000,254.6100000,254.7300000,253.0100000,253.7600000,3729480
20190705,130000,253.8000000,254.2500000,253.0500000,253.0600000,4099460
20190705,140000,253.0600000,253.7900000,252.5400000,252.5900000,3116560
20190705,150000,252.5900000,252.7400000,252.1500000,252.1700000,2928500
20190705,160000,252.1700000,252.5000000,250.6000000,250.8300000,6099990
20190705,170000,250.7500000,251.5400000,250.5000000,251.3000000,2208730
20190705,180000,251.3700000,252.2500000,250.8000000,251.5000000,3083500
20190705,190000,251.5000000,251.5100000,250.1200000,250.8900000,4755340
20190708,110000,250.1100000,250.2600000,245.2000000,246.3100000,13533730
20190708,120000,246.3300000,247.8900000,246.3000000,247.8800000,3503990
20190708,130000,247.8000000,250.9600000,247.7300000,249.8300000,6850830
20190708,140000,249.8300000,250.4900000,249.3100000,249.6000000,2900900
20190708,150000,249.5400000,249.8700000,248.0500000,248.1700000,3151230
20190708,160000,248.1400000,248.5800000,247.6300000,248.2400000,1955310
20190708,170000,248.2400000,249.5800000,248.0800000,248.9000000,2360730
20190708,180000,248.9100000,250.0000000,248.8400000,249.0700000,2170430
20190708,190000,249.0200000,249.3300000,248.5100000,248.5100000,2860800
20190709,110000,248.6500000,251.0000000,247.7100000,250.3400000,4251120
20190709,120000,250.2700000,252.9300000,250.0700000,252.6200000,4916830
20190709,130000,252.6200000,252.6800000,251.2300000,251.3900000,4086230
20190709,140000,251.3200000,251.7000000,251.1000000,251.2700000,1668690
20190709,150000,251.2700000,251.5000000,251.1500000,251.3000000,3543380
20190709,160000,251.3000000,251.9200000,250.2100000,250.6900000,4026340
20190709,170000,250.7400000,250.9700000,250.0600000,250.2000000,2240540
20190709,180000,250.3000000,250.3900000,249.6200000,249.9900000,3147210
20190709,190000,249.9900000,250.1700000,249.5600000,250.1700000,4519360
20190710,110000,250.6500000,251.4800000,248.8000000,250.2300000,6304780
20190710,120000,250.2300000,251.3600000,249.8500000,250.5400000,3341360
20190710,130000,250.5500000,251.1100000,250.2200000,250.3500000,3625020
20190710,140000,250.3500000,250.4500000,249.7600000,250.1700000,2289070
20190710,150000,250.1700000,250.1700000,249.4000000,249.5000000,2044030
20190710,160000,249.4100000,250.7000000,249.1700000,250.3400000,4058580
20190710,170000,250.3300000,251.2800000,250.0400000,251.0400000,3411410
20190710,180000,251.0400000,251.1000000,249.6500000,249.7100000,3127700
20190710,190000,249.7100000,250.2800000,249.6500000,250.2100000,4795950
20190711,110000,250.2100000,250.6900000,249.2200000,249.6000000,5834080
20190711,120000,249.5000000,249.6600000,248.6100000,248.8000000,3406110
20190711,130000,248.8000000,249.2000000,246.3600000,247.2000000,5052410
20190711,140000,247.2000000,248.3600000,246.8200000,248.2900000,5598460
20190711,150000,248.1700000,248.9000000,247.7500000,248.3100000,2506730
20190711,160000,248.3300000,248.9700000,246.6400000,247.3700000,2405800
20190711,170000,247.4400000,247.5500000,245.3700000,245.8900000,4974920
20190711,180000,245.8900000,246.3000000,245.0000000,245.7800000,8910140
20190711,190000,245.8000000,247.2000000,245.5000000,247.2000000,4258240
20190712,110000,247.0700000,247.8000000,244.0000000,244.8000000,6283780
20190712,120000,244.7600000,245.9000000,244.6500000,245.2700000,2495190
20190712,130000,245.2000000,245.7000000,244.6000000,244.9000000,1147750
20190712,140000,244.9000000,245.4400000,244.6900000,245.0000000,907500
20190712,150000,245.0000000,245.8600000,244.8000000,245.4600000,1529810
20190712,160000,245.4600000,246.0500000,245.2100000,245.9100000,1645100
20190712,170000,245.9100000,246.8400000,245.4700000,246.8200000,2206840
20190712,180000,246.8200000,246.8400000,245.8100000,246.0100000,2240220
20190712,190000,246.0200000,246.3300000,245.5000000,245.5000000,3062240
20190715,110000,246.9800000,248.0800000,244.3500000,245.0900000,7634890
20190715,120000,245.0100000,245.5000000,244.0000000,244.3700000,3012500
20190715,130000,244.4200000,245.7000000,243.3300000,243.7800000,3267670
20190715,140000,243.8000000,244.8600000,243.6400000,244.3000000,1536810
20190715,150000,244.2700000,244.7000000,243.7400000,244.6800000,1020270
20190715,160000,244.6800000,245.2200000,244.2700000,244.6400000,1564340
20190715,170000,244.6100000,244.8900000,242.3000000,242.3900000,4423660
20190715,180000,242.3500000,242.7900000,241.1300000,241.6400000,7385520
20190715,190000,241.6500000,241.7800000,240.1000000,240.3000000,6108840
20190716,110000,240.1000000,240.4000000,237.4100000,238.4000000,9996490
20190716,120000,238.4500000,238.9000000,237.8100000,238.0900000,3197540
20190716,130000,238.0900000,238.6200000,237.6400000,238.4200000,2848130
20190716,140000,238.4000000,238.4700000,237.4700000,237.4800000,1893690
20190716,150000,237.4900000,237.5800000,236.8600000,237.0900000,3003630
20190716,160000,237.0700000,237.3400000,236.0400000,236.2500000,2861140
20190716,170000,236.2500000,236.8700000,235.8300000,236.3100000,3286030
20190716,180000,236.3100000,238.3000000,236.3100000,237.4500000,5725050
20190716,190000,237.4500000,238.3800000,237.1400000,238.0100000,7996370
20190717,110000,223.5600000,224.0300000,219.2000000,219.6000000,16747710
20190717,120000,219.6200000,221.2300000,219.5500000,221.1000000,5749020
20190717,130000,221.1000000,221.5300000,219.8300000,220.5300000,4685940
20190717,140000,220.4500000,220.7800000,220.1400000,220.5500000,1895490
20190717,150000,220.5500000,220.7100000,219.8200000,220.2200000,2445210
20190717,160000,220.2400000,221.1000000,220.1700000,220.9800000,2213040
20190717,170000,220.9900000,221.1900000,220.2800000,220.5700000,3518760
20190717,180000,220.5500000,220.7000000,218.6300000,219.2500000,6298520
20190717,190000,219.2500000,220.4800000,218.8300000,220.1900000,5605790
20190718,110000,219.0000000,219.4900000,217.0500000,217.8900000,5813030
20190718,120000,217.8200000,218.0000000,217.4400000,217.6700000,1356070
20190718,130000,217.7000000,217.7000000,215.7700000,216.6000000,5402620
20190718,140000,216.6000000,217.9500000,216.3000000,217.7700000,2709450
20190718,150000,217.7500000,219.8000000,217.7000000,219.4000000,3978050
20190718,160000,219.4100000,219.7200000,218.3500000,218.5400000,1901770
20190718,170000,218.5000000,218.5800000,217.0700000,217.8000000,4427870
20190718,180000,217.7700000,218.9600000,217.3900000,218.5000000,1951530
20190718,190000,218.4500000,218.8300000,218.3000000,218.3000000,3291910
20190719,110000,219.4900000,220.4300000,218.8000000,218.9000000,4074370
20190719,120000,218.9000000,219.4500000,218.3500000,219.2200000,2012940
20190719,130000,219.2100000,219.5600000,218.6500000,219.1100000,1046340
20190719,140000,219.0400000,219.6000000,218.7700000,218.8900000,1310750
20190719,150000,218.8900000,219.2100000,218.6200000,218.9300000,887260
20190719,160000,218.8700000,219.0300000,218.1500000,218.3900000,1383350
20190719,170000,218.3900000,218.5900000,217.2000000,217.5000000,2212860
20190719,180000,217.5000000,217.7500000,217.0200000,217.1200000,2047410
20190719,190000,217.1200000,217.1500000,215.3700000,216.0000000,5018900
20190722,110000,215.9600000,216.8400000,214.1000000,214.8800000,5325220
20190722,120000,214.8800000,216.5600000,214.7400000,215.9900000,3302610
20190722,130000,216.0000000,216.3700000,215.5100000,215.7300000,1719240
20190722,140000,215.7500000,217.4300000,215.7500000,217.2100000,2480640
20190722,150000,217.2900000,220.0000000,217.0400000,219.3500000,8484140
20190722,160000,219.3700000,219.6000000,217.8400000,217.9400000,2431620
20190722,170000,217.9500000,218.6300000,217.5100000,218.2900000,2349140
20190722,180000,218.3200000,219.3700000,217.6600000,217.7500000,4127130
20190722,190000,217.7300000,218.1000000,217.1100000,217.1200000,3451740
20190723,110000,217.5000000,219.4500000,217.2000000,217.4500000,4605370
20190723,120000,217.5300000,218.2900000,216.7600000,218.0000000,3680310
20190723,130000,218.0000000,218.9000000,217.5600000,218.6900000,1840830
20190723,140000,218.7200000,220.4000000,218.0600000,219.8200000,5828500
20190723,150000,219.7300000,221.1700000,219.0000000,220.9900000,4809120
20190723,160000,221.0000000,221.0000000,219.5000000,219.9400000,3204240
20190723,170000,219.9100000,219.9200000,217.8500000,218.2900000,3602670
20190723,180000,218.2500000,218.6100000,217.7000000,217.8700000,1895610
20190723,190000,217.9100000,217.9100000,216.9200000,217.3900000,5222210
20190724,110000,218.4700000,218.4700000,214.8100000,215.3500000,9040980
20190724,120000,215.3500000,215.9800000,214.5200000,215.6400000,5861250
20190724,130000,215.5600000,215.8700000,215.0000000,215.8700000,1685260
20190724,140000,215.8400000,216.5800000,215.3000000,215.7300000,2817560
20190724,150000,215.7200000,216.0900000,215.1500000,215.4200000,1936600
20190724,160000,215.4200000,215.8000000,215.0000000,215.1100000,2296320
20190724,170000,215.1400000,215.2800000,214.4300000,214.5800000,4083150
20190724,180000,214.6100000,214.6800000,211.5000000,211.7300000,10095470
20190724,190000,211.6500000,212.3700000,210.5100000,212.0000000,6656140
20190725,110000,208.0000000,219.4200000,206.0000000,217.1400000,40295270
20190725,120000,217.0600000,219.2700000,216.5600000,218.7900000,9090730
20190725,130000,218.7900000,223.6500000,218.5000000,223.4500000,21000820
20190725,140000,223.3900000,228.9400000,221.7900000,226.0900000,28284700
20190725,150000,226.0900000,226.8600000,223.1000000,223.7400000,7779180
20190725,160000,223.8200000,226.5000000,223.2400000,226.3300000,8808360
20190725,170000,226.3200000,226.7600000,224.1500000,224.4000000,11242580
20190725,180000,224.4300000,225.3300000,221.8000000,222.1900000,13161730
20190725,190000,222.2500000,223.2800000,218.5000000,219.0000000,28612890
20190726,110000,217.0000000,229.6200000,217.0000000,228.1500000,53052750
20190726,120000,228.1500000,234.9900000,228.0000000,229.3600000,49604830
20190726,130000,229.4700000,231.5000000,228.6400000,230.6300000,10299770
20190726,140000,230.6300000,231.9600000,229.8500000,230.9900000,7646460
20190726,150000,230.9600000,233.8100000,230.9200000,232.7900000,9012980
20190726,160000,232.7700000,234.2500000,232.2700000,234.1600000,6274750
20190726,170000,234.1600000,235.8000000,232.5500000,235.6000000,16581970
20190726,180000,235.6000000,236.0000000,231.4700000,233.4900000,18296620
20190726,190000,233.5200000,234.8900000,233.0000000,234.2300000,9975900
20190729,110000,234.1200000,237.8800000,231.8300000,234.7500000,18990820
20190729,120000,234.7500000,238.7000000,234.3400000,237.4000000,10755600
20190729,130000,237.5000000,237.9600000,236.1000000,237.2700000,5462980
20190729,140000,237.3000000,237.7300000,236.7400000,236.9100000,3014350
20190729,150000,236.9100000,237.1600000,236.1000000,236.5300000,2410720
20190729,160000,236.5300000,237.0000000,236.2700000,236.4100000,1545240
20190729,170000,236.4100000,237.4800000,236.0500000,236.2000000,2839310
20190729,180000,236.2200000,236.8000000,236.0500000,236.5200000,2856050
20190729,190000,236.5300000,236.7900000,235.7100000,236.7300000,2517360
20190730,110000,236.2000000,237.1300000,234.0000000,234.3700000,6419760
20190730,120000,234.3700000,234.4800000,232.3700000,233.5600000,7167490
20190730,130000,233.5200000,234.9000000,233.3500000,234.3100000,4382560
20190730,140000,234.2400000,234.7200000,233.7400000,234.2900000,2474730
20190730,150000,234.3300000,234.6500000,234.0300000,234.2100000,2589680
20190730,160000,234.2200000,234.4700000,233.5600000,233.7000000,1864840
20190730,170000,233.7200000,236.8400000,233.6000000,234.8300000,8246190
20190730,180000,234.8500000,236.5000000,234.8000000,236.4300000,4434770
20190730,190000,236.4200000,237.1000000,235.9300000,237.1000000,6329730
20190731,110000,237.4300000,237.8200000,234.7300000,234.9300000,5541630
20190731,120000,234.8500000,236.3300000,234.4400000,235.9000000,4835500
20190731,130000,235.8700000,236.5000000,235.8200000,236.0900000,1663640
20190731,140000,236.1100000,236.3700000,235.9700000,236.0400000,1168770
20190731,150000,236.0000000,237.3500000,235.9000000,236.7700000,3157170
20190731,160000,236.7600000,239.6400000,236.6400000,239.3800000,6822140
20190731,170000,239.3800000,239.4100000,237.8500000,238.8700000,4485120
20190731,180000,238.8700000,239.4900000,238.0600000,238.4900000,4096960
20190731,190000,238.5000000,238.9000000,235.0600000,236.9000000,13619600
20190801,110000,234.5400000,237.3400000,233.9100000,236.2700000,11957620
20190801,120000,236.2500000,236.4000000,234.5100000,235.1000000,4330160
20190801,130000,235.0800000,235.4400000,234.6000000,235.0900000,1553050
20190801,140000,235.1000000,235.6400000,234.6000000,234.9200000,1484140
20190801,150000,234.8500000,235.1100000,234.1200000,234.4000000,1685610
20190801,160000,234.3900000,235.1800000,233.7100000,235.1100000,2644430
20190801,170000,235.1100000,235.1500000,233.3000000,233.9900000,2764660
20190801,180000,233.9700000,234.6300000,233.2900000,234.1700000,2621170
20190801,190000,234.2000000,234.5000000,233.3800000,234.2800000,2173290
20190802,110000,231.2000000,232.7400000,229.5500000,230.6300000,11356430
20190802,120000,230.6300000,232.5000000,230.5500000,231.3700000,4538560
20190802,130000,231.3600000,231.9900000,231.2600000,231.6500000,1521770
20190802,140000,231.6500000,233.1700000,231.5900000,232.9800000,4170310
20190802,150000,232.8800000,233.1000000,230.5500000,230.6900000,4223190
20190802,160000,230.6500000,230.7900000,229.0000000,229.9800000,8981950
20190802,170000,230.0000000,230.9700000,229.5000000,229.9600000,5372320
20190802,180000,229.9100000,230.3400000,228.9500000,228.9500000,5952170
20190802,190000,228.9500000,229.4900000,227.9100000,227.9100000,12971700
20190805,110000,225.9800000,227.4200000,223.7200000,224.5800000,11748240
20190805,120000,224.5800000,225.0800000,223.2600000,224.3800000,4334030
20190805,130000,224.3700000,227.4500000,224.2500000,226.7100000,6679730
20190805,140000,226.7500000,228.0000000,226.5500000,227.0300000,5314400
20190805,150000,227.1200000,227.1200000,225.5800000,225.9900000,4265590
20190805,160000,226.0100000,226.5600000,224.9200000,225.1200000,3256110
20190805,170000,225.0700000,225.1200000,224.1200000,224.4100000,4585730
20190805,180000,224.3800000,224.4600000,222.3000000,223.4600000,5896180
20190805,190000,223.4600000,225.9200000,223.1300000,223.6100000,7194780
20190806,110000,223.6200000,227.0000000,223.6200000,225.2000000,6753620
20190806,120000,225.2000000,225.6800000,224.2900000,225.3900000,3315100
20190806,130000,225.4000000,225.9700000,224.7000000,225.6900000,1629490
20190806,140000,225.6900000,225.7100000,224.9800000,225.5000000,2042090
20190806,150000,225.4400000,227.7800000,225.4400000,227.1800000,4816570
20190806,160000,227.1700000,227.3000000,226.2000000,226.4000000,1407670
20190806,170000,226.4000000,227.4900000,226.0500000,227.2100000,2356700
20190806,180000,227.2300000,227.6300000,226.5600000,226.9400000,3036140
20190806,190000,226.9500000,227.5300000,226.2100000,226.7600000,5050670
20190807,110000,226.9200000,227.6900000,225.5000000,226.6800000,4972000
20190807,120000,226.6500000,228.7300000,226.4000000,228.2300000,4095510
20190807,130000,228.1900000,229.3500000,226.0600000,229.3500000,5295650
20190807,140000,229.3500000,232.6700000,228.8100000,231.3100000,9743560
20190807,150000,231.4000000,231.9400000,230.5200000,230.7700000,3034890
20190807,160000,230.7600000,230.7800000,227.7000000,228.1200000,5892540
20190807,170000,228.0500000,228.8700000,226.5000000,227.7500000,6047420
20190807,180000,227.6500000,230.0000000,227.3400000,229.9100000,5836320
20190807,190000,229.9900000,230.0000000,227.5200000,227.6700000,4756460
20190808,110000,230.5600000,232.4000000,230.4300000,230.7600000,6321320
20190808,120000,230.7100000,231.9400000,230.5600000,231.8500000,2483350
20190808,130000,231.8600000,233.5400000,231.7500000,232.7100000,5771220
20190808,140000,232.7700000,232.7700000,231.0700000,231.7600000,2994870
20190808,150000,231.7600000,232.8400000,231.1400000,232.6300000,2294780
20190808,160000,232.6200000,233.1500000,232.1800000,232.7100000,2171410
20190808,170000,232.7000000,233.0600000,231.4400000,232.0200000,2024710
20190808,180000,232.0000000,232.8100000,231.6100000,232.2100000,2028000
20190808,190000,232.2100000,232.5300000,231.2100000,231.2100000,3372660
20190809,110000,231.4500000,231.5700000,229.8800000,230.6200000,3386360
20190809,120000,230.5600000,231.3300000,229.9300000,230.7300000,1277990
20190809,130000,230.8000000,231.2500000,228.9400000,229.3500000,1856810
20190809,140000,229.3500000,230.2000000,228.9100000,229.8000000,1832790
20190809,150000,229.8300000,230.1500000,229.4000000,229.6200000,1026870
20190809,160000,229.6200000,230.8500000,229.5600000,230.3400000,1225200
20190809,170000,230.3400000,232.2600000,230.3100000,230.6100000,2897620
20190809,180000,230.6600000,230.7300000,229.7300000,230.2100000,2251700
20190809,190000,230.2000000,230.3900000,229.6100000,229.9600000,2756000
20190812,110000,231.0100000,232.9700000,230.8100000,232.2300000,3557480
20190812,120000,232.1600000,232.2300000,230.3900000,230.6200000,2193010
20190812,130000,230.5700000,231.1300000,229.9000000,229.9700000,1931370
20190812,140000,229.9600000,230.5400000,229.2900000,229.4800000,1515780
20190812,150000,229.5000000,229.8900000,229.3400000,229.7900000,1004770
20190812,160000,229.7600000,230.6800000,229.6900000,230.2700000,1377770
20190812,170000,230.3100000,230.4800000,229.6000000,229.9500000,1175350
20190812,180000,229.9400000,230.3200000,229.3900000,229.9600000,1601220
20190812,190000,229.9600000,230.2400000,229.5300000,230.2400000,1542690
20190813,110000,229.8100000,229.9800000,227.5600000,228.2300000,4121850
20190813,120000,228.2300000,228.8100000,228.0400000,228.1100000,1845290
20190813,130000,228.1100000,228.1500000,227.0000000,227.0400000,2978390
20190813,140000,227.0400000,227.6400000,227.0200000,227.1200000,1727900
20190813,150000,227.1800000,227.7000000,226.4600000,227.3400000,3063380
20190813,160000,227.3900000,227.4000000,226.6500000,227.0400000,1359480
20190813,170000,227.0800000,231.6000000,226.9100000,230.8100000,8757280
20190813,180000,230.7200000,232.1600000,229.7400000,231.9000000,6602620
20190813,190000,231.9000000,232.0000000,229.8700000,229.8700000,4685140
20190814,110000,231.1000000,231.1900000,229.0800000,229.7000000,2700560
20190814,120000,229.6700000,229.8900000,228.6000000,228.9800000,1726000
20190814,130000,228.9600000,229.3700000,228.5500000,228.7700000,1356940
20190814,140000,228.7800000,229.4500000,228.1200000,228.2000000,3104540
20190814,150000,228.2000000,228.2400000,225.8200000,226.2000000,4836660
20190814,160000,226.0900000,226.6400000,224.5800000,224.8700000,5138290
20190814,170000,224.8700000,226.3700000,224.6300000,226.3300000,3654280
20190814,180000,226.3000000,227.9900000,226.1600000,227.4200000,7465450
20190814,190000,227.4900000,228.1500000,226.3000000,227.1000000,5827930
20190815,110000,227.6500000,229.7000000,226.6000000,227.9800000,7279870
20190815,120000,227.9300000,229.3800000,227.2700000,228.2300000,2628820
20190815,130000,228.1700000,228.3200000,226.1700000,226.5800000,2479610
20190815,140000,226.4700000,226.6100000,224.8900000,225.5800000,3781900
20190815,150000,225.5700000,227.8000000,225.5200000,227.3900000,3259580
20190815,160000,227.4200000,228.9200000,227.2400000,228.0100000,3883360
20190815,170000,228.0000000,228.3200000,226.0700000,227.0800000,3398940
20190815,180000,227.0900000,227.7700000,226.5600000,226.6400000,1921870
20190815,190000,226.6400000,228.1500000,226.5600000,227.1500000,3627710
20190816,110000,228.3500000,229.3800000,227.6400000,227.7300000,2200990
20190816,120000,227.7500000,228.0000000,226.9000000,227.4800000,1335130
20190816,130000,227.5500000,227.6800000,226.0500000,226.0500000,1873610
20190816,140000,226.0500000,226.9000000,225.8000000,226.3400000,1547860
20190816,150000,226.3100000,226.5000000,225.3900000,225.4300000,2075490
20190816,160000,225.4600000,226.3500000,225.2100000,225.6300000,2755520
20190816,170000,225.7000000,226.5700000,225.2900000,226.0400000,2112310
20190816,180000,226.0400000,226.2500000,225.3200000,225.3300000,3728270
20190816,190000,225.3300000,225.5100000,224.0800000,224.7100000,7459420
20190819,110000,226.0000000,226.4800000,224.7000000,225.0700000,3727800
20190819,120000,225.1500000,225.1900000,223.6500000,223.8100000,2210250
20190819,130000,223.8000000,224.9700000,223.8000000,224.6300000,2163370
20190819,140000,224.6300000,226.0000000,224.6200000,225.7600000,1812020
20190819,150000,225.7600000,227.2000000,225.5100000,226.3400000,3096750
20190819,160000,226.3400000,226.4100000,225.7300000,225.9800000,807460
20190819,170000,225.9200000,226.4600000,225.7000000,226.0000000,884310
20190819,180000,226.0000000,226.4200000,225.3400000,225.7400000,1918330
20190819,190000,225.7400000,226.9300000,225.6600000,226.8000000,2451300
20190820,110000,226.7900000,232.2000000,226.1500000,231.3000000,11083760
20190820,120000,231.3000000,232.3200000,230.9500000,231.7900000,4975330
20190820,130000,231.7900000,232.0000000,229.6300000,230.2500000,4508180
20190820,140000,230.1700000,231.7100000,229.9300000,231.1100000,2326010
20190820,150000,231.0400000,231.7000000,230.3900000,231.5000000,1539410
20190820,160000,231.5000000,231.7000000,230.8600000,231.4500000,1646450
20190820,170000,231.4900000,231.6300000,230.1000000,230.8500000,3348780
20190820,180000,230.8400000,231.6900000,230.6500000,231.6700000,1939070
20190820,190000,231.6700000,232.0000000,231.4500000,231.5400000,3247860
20190821,110000,231.7200000,232.3200000,230.5000000,230.8900000,4368140
20190821,120000,230.9000000,231.2300000,230.8000000,230.8000000,1754310
20190821,130000,230.8000000,231.7100000,230.8000000,231.5800000,1438540
20190821,140000,231.5900000,231.5900000,230.7000000,230.7700000,1572090
20190821,150000,230.7200000,231.1800000,230.6000000,231.1500000,1038020
20190821,160000,231.1100000,231.3000000,230.8300000,231.0900000,1486170
20190821,170000,231.0300000,232.0000000,231.0000000,231.2900000,2833650
20190821,180000,231.2400000,231.4000000,230.7800000,231.1000000,1987940
20190821,190000,231.1000000,231.5000000,231.0000000,231.2200000,4005260
20190822,110000,231.0000000,233.9800000,230.2100000,233.4600000,5454900
20190822,120000,233.5300000,233.8200000,232.3700000,232.8400000,4691780
20190822,130000,232.9200000,232.9200000,231.1000000,231.5700000,3908990
20190822,140000,231.5700000,232.1000000,231.5300000,232.0400000,963190
20190822,150000,232.0400000,232.5000000,232.0000000,232.2100000,1130800
20190822,160000,232.2900000,232.8200000,232.2000000,232.7000000,969510
20190822,170000,232.7000000,233.0000000,232.4800000,232.8400000,1861350
20190822,180000,232.8400000,232.8400000,231.5000000,232.3500000,3605560
20190822,190000,232.2600000,233.0000000,232.0600000,232.0600000,3896190
20190823,110000,232.6800000,233.0400000,231.1700000,231.2300000,3956570
20190823,120000,231.2300000,231.9200000,230.6000000,230.7500000,1983590
20190823,130000,230.7900000,231.5000000,230.6700000,231.2500000,1794280
20190823,140000,231.2400000,231.8500000,230.8600000,231.6800000,917660
20190823,150000,231.6800000,232.1800000,231.2800000,231.6100000,1198700
20190823,160000,231.6000000,231.6500000,228.9300000,230.1100000,7343370
20190823,170000,230.1900000,230.9000000,229.7000000,230.7200000,2656120
20190823,180000,230.7200000,232.0700000,230.3300000,231.0100000,4111510
20190823,190000,231.0800000,231.1800000,229.2500000,229.3500000,5033840
20190826,110000,228.8000000,230.5000000,228.0500000,229.1500000,3145380
20190826,120000,229.1500000,230.6000000,229.0000000,230.2600000,1285090
20190826,130000,230.2500000,230.5200000,229.3100000,229.5600000,967420
20190826,140000,229.5500000,229.8200000,229.0700000,229.3600000,747200
20190826,150000,229.3600000,230.1500000,229.2700000,229.6100000,574800
20190826,160000,229.6100000,230.1000000,229.3100000,230.0000000,534710
20190826,170000,229.9900000,230.3600000,229.6900000,229.8800000,755790
20190826,180000,229.8700000,229.9100000,228.8500000,229.0900000,1316960
20190826,190000,229.1100000,229.8800000,228.9000000,228.9000000,1662330
20190827,110000,228.9200000,229.2800000,225.5300000,226.4500000,9012470
20190827,120000,226.4700000,226.4900000,225.1100000,225.4900000,3773370
20190827,130000,225.4900000,226.1900000,224.7800000,225.1100000,4470530
20190827,140000,225.1100000,226.1400000,224.8800000,225.7500000,2582490
20190827,150000,225.8500000,226.9700000,225.7900000,226.2500000,3301280
20190827,160000,226.2000000,226.4500000,225.2600000,225.8200000,1696000
20190827,170000,225.9000000,225.9500000,224.2400000,224.3200000,4389060
20190827,180000,224.3200000,224.7100000,223.4500000,223.7200000,6394910
20190827,190000,223.7300000,227.0000000,223.0000000,227.0000000,20135760
20190828,110000,226.5200000,226.5500000,224.8800000,225.3300000,6974000
20190828,120000,225.2600000,225.9800000,225.0600000,225.6400000,1818870
20190828,130000,225.6300000,225.6800000,225.0100000,225.4700000,1705670
20190828,140000,225.5200000,226.4400000,225.2000000,226.2100000,1820930
20190828,150000,226.2900000,228.2300000,225.8000000,227.1900000,7041180
20190828,160000,227.2100000,227.3000000,226.6900000,226.8800000,2194540
20190828,170000,226.8800000,227.6700000,226.5200000,227.6200000,2789450
20190828,180000,227.6100000,228.6400000,226.9900000,228.1100000,4454490
20190828,190000,228.1600000,228.4900000,227.6800000,228.4800000,3702330
20190829,110000,228.8700000,232.9400000,228.6700000,232.4000000,13057630
20190829,120000,232.4200000,232.7500000,232.1000000,232.4300000,3165110
20190829,130000,232.4500000,235.2500000,232.4500000,234.6900000,8990510
20190829,140000,234.6900000,235.0900000,233.8700000,234.2700000,3089100
20190829,150000,234.2700000,234.9800000,234.0500000,234.3000000,2058490
20190829,160000,234.2300000,234.5400000,233.1700000,233.9000000,3619600
20190829,170000,233.8800000,234.2000000,233.2000000,233.9000000,2199580
20190829,180000,233.8700000,233.9100000,232.1500000,232.8600000,5574100
20190829,190000,232.7900000,234.0000000,232.3900000,233.2000000,5787340
20190830,110000,233.6700000,233.8500000,232.7600000,233.5500000,3256700
20190830,120000,233.5500000,233.6100000,232.1000000,232.5000000,3192670
20190830,130000,232.5400000,233.1500000,232.1100000,232.7500000,1835020
20190830,140000,232.7600000,233.1500000,232.3600000,232.6900000,1145580
20190830,150000,232.6300000,232.9300000,232.1700000,232.4000000,1400150
20190830,160000,232.3100000,232.8000000,232.2200000,232.6900000,1141610
20190830,170000,232.6900000,233.3000000,232.1100000,232.1800000,3056130
20190830,180000,232.1800000,232.6300000,231.4500000,231.9700000,3267680
20190830,190000,231.9700000,232.4900000,231.0700000,232.1500000,3704310
20190902,110000,231.9300000,232.0800000,230.5000000,231.7400000,3012680
20190902,120000,231.7300000,233.4900000,231.2100000,232.9200000,3521010
20190902,130000,232.9500000,233.2000000,232.5000000,233.1300000,1981410
20190902,140000,233.1400000,233.2300000,232.1800000,232.4300000,1318480
20190902,150000,232.3500000,233.1600000,231.8000000,232.9800000,1807200
20190902,160000,232.9800000,233.2300000,232.4500000,233.0000000,1602130
20190902,170000,233.0200000,233.0300000,232.2400000,232.8700000,971100
20190902,180000,232.8700000,234.2200000,232.7300000,233.5500000,3276560
20190902,190000,233.6300000,233.7100000,233.3600000,233.6700000,1756660
20190903,110000,233.4000000,233.6000000,231.7500000,231.8700000,3494250
20190903,120000,231.8000000,232.4400000,231.3400000,231.7700000,3555590
20190903,130000,231.6900000,231.8300000,229.9600000,230.3000000,4014720
20190903,140000,230.2400000,231.3600000,230.0700000,231.0100000,1617530
20190903,150000,231.1000000,231.5300000,230.6300000,231.0200000,918480
20190903,160000,231.0000000,231.3700000,230.5400000,231.1400000,836180
20190903,170000,231.1400000,231.9700000,230.2000000,231.6700000,2159170
20190903,180000,231.6400000,232.1000000,230.8200000,231.3900000,1483250
20190903,190000,231.3800000,231.9800000,230.8000000,231.0200000,2565290
20190904,110000,232.7000000,233.8400000,232.1800000,232.7800000,7194460
20190904,120000,232.6800000,234.7800000,232.4500000,233.7600000,5838550
20190904,130000,233.7600000,233.8500000,232.8600000,233.4400000,2262500
20190904,140000,233.4300000,233.8000000,232.9500000,233.4200000,1258960
20190904,150000,233.5300000,234.2800000,233.2200000,233.5500000,1527390
20190904,160000,233.5300000,234.1000000,233.4000000,233.6300000,2144240
20190904,170000,233.6200000,233.8900000,233.0000000,233.6600000,1897690
20190904,180000,233.6600000,233.8200000,232.7200000,233.4200000,1917960
20190904,190000,233.4200000,234.3000000,233.1500000,233.7100000,3419120
20190905,110000,234.6400000,236.3000000,234.6400000,235.3800000,7623950
20190905,120000,235.3900000,236.4800000,235.3000000,235.8900000,2243590
20190905,130000,235.8900000,237.6200000,235.5600000,237.4500000,3966730
20190905,140000,237.4500000,238.1700000,235.7900000,235.8100000,4434450
20190905,150000,235.8100000,236.2700000,235.0000000,236.1400000,3040980
20190905,160000,236.1400000,236.5800000,236.0000000,236.2900000,1415670
20190905,170000,236.2900000,236.5000000,235.3700000,235.8500000,1860050
20190905,180000,235.8800000,236.6600000,235.7400000,235.8400000,2116720
20190905,190000,235.8700000,236.1800000,235.3300000,236.1800000,3123330
20190906,110000,235.8000000,235.9700000,232.6300000,233.1500000,6343200
20190906,120000,233.1200000,233.5300000,232.9100000,233.2500000,1758550
20190906,130000,233.2100000,234.6300000,232.9500000,233.9500000,3269780
20190906,140000,233.9500000,233.9800000,232.8400000,233.1400000,2170980
20190906,150000,233.1300000,233.4300000,232.9300000,233.1900000,748790
20190906,160000,233.1500000,233.7900000,232.9000000,233.0300000,1845030
20190906,170000,233.0400000,233.9500000,232.3800000,233.0200000,4796470
20190906,180000,233.0200000,233.9500000,233.0000000,233.8300000,1460350
20190906,190000,233.9000000,234.4900000,233.5900000,234.4900000,2565560
20190909,110000,235.0100000,235.6200000,234.3500000,234.7500000,2782850
20190909,120000,234.7300000,235.6000000,234.0100000,234.8600000,1947150
20190909,130000,234.8900000,234.9000000,234.3700000,234.5600000,444490
20190909,140000,234.5900000,234.6100000,234.0100000,234.1200000,1192760
20190909,150000,234.1000000,234.4000000,233.6100000,233.7400000,1507440
20190909,160000,233.8000000,233.8800000,233.0000000,233.2600000,2004460
20190909,170000,233.2500000,234.1400000,233.1600000,233.7800000,1472440
20190909,180000,233.7500000,234.4400000,233.6000000,234.3500000,1935610
20190909,190000,234.3500000,234.8500000,234.0200000,234.8500000,3318160
20190910,110000,234.5000000,235.1000000,233.1000000,233.2000000,4421180
20190910,120000,233.1300000,233.4100000,232.8000000,233.0900000,2178770
20190910,130000,233.0400000,233.3000000,232.6200000,232.8100000,1884350
20190910,140000,232.8000000,233.4400000,232.6200000,233.0300000,1429250
20190910,150000,233.0200000,234.3300000,233.0000000,233.9200000,2106300
20190910,160000,233.8900000,234.7400000,233.4000000,233.6500000,1961780
20190910,170000,233.5800000,234.3000000,232.9100000,233.1600000,2295190
20190910,180000,233.1600000,233.2100000,232.6000000,232.7300000,2006310
20190910,190000,232.7300000,233.0000000,232.0200000,233.0000000,5747140
20190911,110000,233.0300000,233.4300000,232.2000000,232.7000000,3345850
20190911,120000,232.7000000,234.0800000,232.5800000,233.8700000,5384270
20190911,130000,233.8400000,234.1700000,233.7000000,234.0000000,2889980
20190911,140000,234.0000000,234.1000000,233.5400000,233.6200000,1555330
20190911,150000,233.6900000,234.0900000,233.6000000,233.9600000,1105420
20190911,160000,233.9300000,234.6000000,233.6500000,234.6000000,1620290
20190911,170000,234.5900000,234.7000000,233.5800000,234.7000000,1702820
20190911,180000,234.6700000,235.3800000,234.2800000,235.2800000,3981620
20190911,190000,235.2800000,235.3000000,234.7000000,235.0700000,5482090
20190912,110000,234.4000000,234.9000000,233.8100000,234.1600000,3062660
20190912,120000,234.1400000,235.2800000,233.9500000,235.0000000,1702530
20190912,130000,234.9900000,235.2000000,234.2800000,234.7500000,1546000
20190912,140000,234.7400000,234.7400000,233.7300000,234.1400000,1921690
20190912,150000,234.1400000,234.3800000,233.2100000,233.3600000,3042010
20190912,160000,233.3600000,233.5400000,231.5100000,233.1900000,4966010
20190912,170000,233.1900000,233.5000000,232.6600000,232.9400000,4167920
20190912,180000,232.9200000,234.1600000,232.1500000,232.6700000,6155700
20190912,190000,232.6700000,232.8900000,232.2500000,232.8800000,2354700
20190913,110000,232.6000000,233.4100000,231.6700000,232.9800000,2785650
20190913,120000,232.9700000,233.1700000,231.9100000,232.3200000,1353540
20190913,130000,232.2500000,232.3700000,231.5100000,231.6600000,2138080
20190913,140000,231.6600000,231.7200000,230.8300000,230.9200000,2185290
20190913,150000,230.8900000,232.2000000,230.8000000,231.5300000,1963730
20190913,160000,231.5300000,232.0800000,231.3200000,231.4500000,962180
20190913,170000,231.4500000,232.2000000,231.1800000,231.5300000,1231860
20190913,180000,231.5300000,231.7800000,230.8500000,231.4100000,1907770
20190913,190000,231.4600000,232.5000000,231.4000000,232.5000000,3396070
20190916,110000,233.9200000,234.6700000,232.5700000,233.6900000,9103830
20190916,120000,233.6400000,234.2700000,233.4900000,234.2000000,3174160
20190916,130000,234.2000000,234.3100000,233.6100000,233.9800000,1820910
20190916,140000,233.9800000,234.1200000,233.6400000,233.8700000,1020240
20190916,150000,233.9000000,234.0000000,233.6900000,233.9400000,1106110
20190916,160000,233.9400000,234.0000000,233.7500000,233.7500000,735590
20190916,170000,233.7300000,233.8700000,232.6900000,233.0100000,2563070
20190916,180000,233.0200000,233.9900000,233.0100000,233.9900000,2800730
20190916,190000,233.9800000,234.8800000,233.7900000,234.8800000,6764320
20190917,110000,234.5900000,235.1700000,233.6300000,234.7200000,4179640
20190917,120000,234.6200000,235.1000000,233.5000000,233.6300000,3488960
20190917,130000,233.6200000,234.2000000,232.9000000,233.5700000,2319350
20190917,140000,233.5100000,233.8900000,233.0600000,233.7900000,1804280
20190917,150000,233.7900000,234.1100000,233.3000000,233.3300000,923870
20190917,160000,233.3300000,233.4500000,232.9000000,233.3300000,1901790
20190917,170000,233.3300000,234.2500000,232.8100000,233.0200000,5967240
20190917,180000,233.0700000,233.1400000,232.3600000,232.9000000,2570520
20190917,190000,232.9100000,233.5800000,232.6600000,233.5800000,5134780
20190918,110000,233.0000000,233.7500000,232.8000000,233.1000000,2268030
20190918,120000,233.1500000,233.8000000,233.1500000,233.7900000,1243870
20190918,130000,233.6900000,233.9600000,233.5300000,233.6600000,1267150
20190918,140000,233.6600000,233.6700000,233.0000000,233.0000000,755320
20190918,150000,233.0000000,233.1000000,232.6500000,232.7900000,1054570
20190918,160000,232.7400000,232.9700000,232.3000000,232.7800000,1100580
20190918,170000,232.7700000,233.1400000,232.5700000,233.0600000,728860
20190918,180000,233.0500000,233.3300000,232.8100000,233.0500000,1366800
20190918,190000,233.0600000,233.4600000,232.5500000,233.4600000,2456650
20190919,110000,233.2000000,233.2800000,232.3100000,232.9000000,2469060
20190919,120000,232.9200000,233.2000000,232.3600000,232.4200000,1532380
20190919,130000,232.4300000,232.6700000,231.9000000,232.3900000,3114650
20190919,140000,232.3900000,232.4200000,231.6100000,231.8900000,2499330
20190919,150000,231.8500000,232.1500000,231.2000000,231.5100000,3276840
20190919,160000,231.5000000,232.1900000,231.1100000,231.7500000,6161080
20190919,170000,231.6700000,231.7200000,230.5200000,230.6800000,3784750
20190919,180000,230.6600000,231.8500000,230.0600000,231.3500000,5407370
20190919,190000,231.3500000,231.5400000,230.5200000,230.5200000,3411310
20190920,110000,230.7500000,231.0000000,229.6300000,230.5500000,3009430
20190920,120000,230.5100000,230.5100000,229.2500000,229.5600000,1621190
20190920,130000,229.6100000,229.6800000,228.5000000,228.6100000,2370640
20190920,140000,228.6000000,229.3000000,228.5000000,229.1300000,865430
20190920,150000,229.1300000,229.9900000,228.8500000,229.7300000,1276300
20190920,160000,229.7300000,229.7500000,229.2300000,229.3700000,745740
20190920,170000,229.3800000,229.7000000,228.8200000,228.8300000,1745770
20190920,180000,228.8500000,230.3300000,228.5100000,229.8500000,5606150
20190920,190000,229.8800000,230.4100000,229.4000000,230.4100000,17390220
20190923,110000,230.5100000,231.2500000,229.8500000,230.2500000,3414340
20190923,120000,230.2900000,230.3400000,229.0700000,229.0800000,1482060
20190923,130000,229.0700000,229.4300000,228.8700000,229.2100000,1812850
20190923,140000,229.2100000,229.8500000,229.2000000,229.6800000,1113190
20190923,150000,229.7000000,229.8800000,229.4300000,229.6600000,1156190
20190923,160000,229.6600000,229.8800000,229.4800000,229.5800000,1023240
20190923,170000,229.6000000,229.9700000,229.1000000,229.8500000,1768770
20190923,180000,229.8500000,230.7700000,229.6100000,230.3500000,1753250
20190923,190000,230.3500000,230.4500000,229.8000000,230.3600000,3329740
20190924,110000,230.4000000,230.6800000,229.0700000,229.6600000,2425980
20190924,120000,229.6900000,230.0900000,228.8100000,229.1900000,2392520
20190924,130000,229.1900000,229.8000000,228.5600000,229.4400000,3404270
20190924,140000,229.4400000,229.9800000,228.7100000,229.4000000,2271210
20190924,150000,229.4100000,229.7500000,229.0700000,229.4400000,766010
20190924,160000,229.4400000,229.4400000,228.8000000,228.9300000,1118180
20190924,170000,228.8700000,229.3600000,228.8300000,229.0000000,1311720
20190924,180000,228.9400000,229.0600000,227.7200000,227.8200000,5094090
20190924,190000,227.8400000,228.1300000,227.1900000,227.7000000,3576110
20190925,110000,227.0500000,227.2800000,225.7600000,226.3500000,4160130
20190925,120000,226.3800000,227.9900000,226.2700000,227.2000000,2714480
20190925,130000,227.1600000,227.8900000,226.4800000,227.8400000,1491910
20190925,140000,227.8400000,228.5000000,227.5100000,228.4900000,1326950
20190925,150000,228.4000000,228.7000000,226.7000000,226.8100000,1943560
20190925,160000,226.8000000,227.8700000,226.7600000,227.6500000,1399850
20190925,170000,227.6500000,227.7900000,226.2000000,226.3100000,2072030
20190925,180000,226.3500000,227.6400000,226.0800000,227.4600000,1753640
20190925,190000,227.5300000,228.4300000,227.5200000,228.4300000,5161050
20190926,110000,228.7400000,233.2000000,228.3100000,231.8200000,14678640
20190926,120000,231.9300000,233.7000000,231.8200000,232.2900000,8240910
20190926,130000,232.3300000,232.6600000,231.6300000,232.1500000,2618630
20190926,140000,232.2000000,232.2800000,231.7500000,231.9200000,1011020
20190926,150000,231.9000000,232.7900000,231.6800000,232.1000000,1848540
20190926,160000,232.0200000,232.1300000,231.3600000,231.6700000,1903460
20190926,170000,231.6600000,231.7000000,230.7500000,231.0000000,2515200
20190926,180000,231.0000000,231.5000000,230.3000000,230.5000000,2030810
20190926,190000,230.4700000,231.9700000,230.0400000,231.9700000,5525070
20190927,110000,231.9500000,232.1400000,231.0700000,231.2100000,1625400
20190927,120000,231.2700000,232.1200000,231.0500000,231.6200000,1054580
20190927,130000,231.6200000,231.7000000,231.2100000,231.2600000,587510
20190927,140000,231.2800000,231.3400000,230.4100000,230.6300000,1345450
20190927,150000,230.6300000,230.7900000,230.3100000,230.7700000,590390
20190927,160000,230.7500000,230.7700000,229.5100000,230.2700000,1907210
20190927,170000,230.2600000,230.4000000,229.7300000,229.7700000,1169120
20190927,180000,229.7700000,230.2000000,229.5800000,229.7000000,2064900
20190927,190000,229.7100000,230.2600000,229.0100000,229.0100000,3207610
20190930,110000,229.0300000,229.4600000,226.5700000,227.0400000,6480840
20190930,120000,227.0600000,227.3500000,226.5100000,226.9100000,2371510
20190930,130000,226.9200000,226.9500000,226.2000000,226.2400000,2745600
20190930,140000,226.2900000,227.5700000,226.2400000,226.8000000,2553030
20190930,150000,226.8600000,227.3000000,226.7100000,226.9300000,1084250
20190930,160000,226.9500000,227.2000000,226.7500000,227.0700000,869270
20190930,170000,227.0900000,227.7500000,226.8400000,227.5200000,1623500
20190930,180000,227.4800000,227.6500000,226.3800000,226.4300000,2275380
20190930,190000,226.4300000,226.7000000,225.9000000,225.9000000,6465020
20191001,110000,225.9900000,227.6800000,225.1700000,227.1200000,4902950
20191001,120000,227.1800000,227.7000000,226.8100000,227.2900000,2986260
20191001,130000,227.2900000,227.3400000,226.5800000,226.6600000,1529750
20191001,140000,226.6600000,227.2800000,226.5100000,226.9200000,835220
20191001,150000,226.9500000,227.0200000,226.6300000,226.6400000,559560
20191001,160000,226.6300000,227.1600000,226.6100000,226.8900000,906210
20191001,170000,226.8900000,227.1500000,226.5200000,226.5200000,1338530
20191001,180000,226.5200000,226.8200000,225.8000000,226.0200000,2563530
20191001,190000,226.0200000,226.4900000,225.9700000,226.4900000,1107190
20191002,110000,226.2000000,226.6500000,224.8600000,225.5700000,3903750
20191002,120000,225.5000000,225.5100000,223.6300000,224.0000000,4811900
20191002,130000,224.0000000,224.8400000,223.8300000,224.4900000,2234170
20191002,140000,224.4900000,224.4900000,224.0400000,224.3400000,957770
20191002,150000,224.3400000,224.9700000,224.2000000,224.6800000,1901450
20191002,160000,224.7600000,225.8200000,224.6100000,225.2100000,2770370
20191002,170000,225.2800000,225.7000000,224.5300000,225.3000000,2770710
20191002,180000,225.3000000,225.4800000,223.7100000,223.8700000,5895510
20191002,190000,223.8600000,223.9900000,223.2500000,223.6000000,6607500
20191003,110000,223.5500000,224.5500000,223.1800000,224.0800000,3777440
20191003,120000,224.1500000,224.1800000,223.2100000,223.2800000,2700130
20191003,130000,223.2800000,223.3200000,221.1100000,221.6500000,5531090
20191003,140000,221.7300000,222.3700000,221.3700000,221.6400000,1268110
20191003,150000,221.7000000,221.9700000,220.7900000,221.3900000,1633010
20191003,160000,221.3300000,222.4800000,221.0700000,221.7800000,1810730
20191003,170000,221.8400000,224.8900000,221.5200000,223.8000000,5258280
20191003,180000,223.8000000,223.8000000,222.0100000,222.4500000,3878190
20191003,190000,222.3300000,224.6000000,222.3300000,223.1000000,4090670
20191004,110000,224.3000000,224.5000000,223.3000000,224.0000000,4016540
20191004,120000,223.9600000,224.6500000,223.4000000,223.9300000,2184330
20191004,130000,223.9500000,224.0900000,223.2200000,224.0000000,1682860
20191004,140000,224.0000000,224.3600000,222.7300000,222.9800000,2009620
20191004,150000,222.9800000,223.2200000,222.6000000,222.8000000,1075700
20191004,160000,222.8300000,223.2500000,222.1500000,222.9600000,1841840
20191004,170000,222.9800000,223.0800000,222.2000000,222.4000000,2011040
20191004,180000,222.5100000,222.7900000,221.2400000,221.3300000,4484220
20191004,190000,221.3300000,221.6600000,221.3100000,221.6600000,2677760
20191007,110000,221.8600000,222.1100000,220.6800000,221.6000000,2427050
20191007,120000,221.6700000,224.9500000,221.5100000,224.0800000,4558700
20191007,130000,224.0700000,224.4000000,223.6300000,224.0000000,2161730
20191007,140000,224.0000000,224.3500000,223.8300000,224.1400000,1048070
20191007,150000,224.1800000,224.5000000,224.1300000,224.4500000,1141410
20191007,160000,224.4500000,225.7700000,224.0900000,225.6800000,2558710
20191007,170000,225.7000000,226.8100000,224.8500000,225.8000000,3591600
20191007,180000,225.7700000,226.7700000,225.6400000,226.2200000,3501770
20191007,190000,226.2700000,226.6800000,226.0700000,226.3600000,1379540
20191008,110000,226.5500000,227.7000000,225.0500000,225.0500000,3994110
20191008,120000,225.1100000,225.7300000,224.5200000,224.8900000,2268750
20191008,130000,224.8900000,225.1600000,223.2500000,223.6500000,3201600
20191008,140000,223.6400000,223.6500000,222.7100000,223.2000000,2088520
20191008,150000,223.2600000,223.5500000,223.0700000,223.1500000,1316920
20191008,160000,223.1400000,223.7900000,223.0700000,223.7900000,1324180
20191008,170000,223.7800000,223.8600000,223.0700000,223.1900000,2715910
20191008,180000,223.1500000,223.8500000,222.8300000,223.6900000,2117930
20191008,190000,223.6900000,223.9300000,223.1100000,223.2000000,3222150
20191009,110000,223.1000000,223.6700000,221.7200000,223.2100000,4086920
20191009,120000,223.1600000,223.6700000,222.9900000,223.3900000,1212610
20191009,130000,223.3900000,224.7100000,223.2000000,224.0600000,3464730
20191009,140000,224.0800000,224.1600000,223.5500000,223.8200000,817500
20191009,150000,223.8200000,223.8200000,223.3500000,223.6000000,597090
20191009,160000,223.6400000,223.7600000,222.5600000,222.9100000,1261380
20191009,170000,222.9600000,223.2900000,222.7200000,222.9900000,886580
20191009,180000,222.9900000,223.3700000,222.6500000,223.0000000,904760
20191009,190000,222.9500000,223.5100000,222.8000000,223.1800000,1668690
20191010,110000,222.9900000,223.4500000,222.2700000,222.6400000,1768930
20191010,120000,222.5800000,224.1000000,222.3300000,223.3800000,1684110
20191010,130000,223.3000000,223.7500000,222.9400000,223.3800000,1055440
20191010,140000,223.3300000,224.1000000,223.2900000,223.7800000,1461490
20191010,150000,223.7800000,224.2800000,223.5900000,224.0100000,1041970
20191010,160000,224.0100000,224.4800000,223.5000000,224.1700000,1839000
20191010,170000,224.1500000,224.2200000,223.9000000,224.1100000,1319330
20191010,180000,224.1800000,224.9200000,223.9200000,224.8500000,2687420
20191010,190000,224.8800000,224.9300000,224.2100000,224.5000000,1798900
20191011,110000,225.0100000,227.5000000,224.8200000,226.3800000,5495980
20191011,120000,226.3200000,227.1100000,225.6400000,226.5800000,2576140
20191011,130000,226.5500000,226.8200000,226.1200000,226.5600000,856010
20191011,140000,226.5500000,227.1100000,226.4800000,226.9000000,1694010
20191011,150000,226.8500000,226.9600000,226.2300000,226.4100000,507260
20191011,160000,226.4200000,227.1000000,226.4000000,226.7500000,1393660
20191011,170000,226.7500000,227.2300000,226.4800000,226.6100000,1280940
20191011,180000,226.6900000,227.4000000,226.3500000,227.0800000,2485620
20191011,190000,227.0100000,227.4600000,226.6800000,227.3700000,1965060
20191014,110000,227.3800000,228.6100000,226.0000000,226.1000000,4208090
20191014,120000,226.1000000,226.9700000,226.0000000,226.8600000,1073970
20191014,130000,226.8000000,226.9000000,225.7500000,226.0700000,2099990
20191014,140000,226.1100000,226.4400000,226.0000000,226.2400000,1359880
20191014,150000,226.2800000,226.8000000,226.0600000,226.7100000,910460
20191014,160000,226.7300000,226.9600000,226.1200000,226.1700000,1033590
20191014,170000,226.1800000,226.7400000,225.8100000,226.6200000,1088780
20191014,180000,226.7200000,226.8000000,225.9000000,226.0000000,651150
20191014,190000,226.0500000,226.2700000,225.5000000,226.0000000,2203640
20191015,110000,225.9900000,226.4600000,225.1200000,226.1200000,2203700
20191015,120000,226.1000000,227.1500000,225.5500000,226.7000000,2987620
20191015,130000,226.7500000,227.1500000,226.3000000,226.3400000,1531720
20191015,140000,226.3400000,226.3600000,225.1500000,225.7100000,2417830
20191015,150000,225.7100000,225.8400000,225.4000000,225.6300000,778120
20191015,160000,225.6300000,225.7000000,225.0100000,225.3700000,1190090
20191015,170000,225.3700000,225.4100000,224.0600000,224.3000000,2491040
20191015,180000,224.2900000,225.7900000,224.1400000,225.7000000,1694950
20191015,190000,225.7400000,226.6400000,225.6500000,226.0000000,2848910
20191016,110000,225.8500000,226.3800000,225.1100000,226.0900000,1893200
20191016,120000,226.2000000,226.2000000,225.7100000,225.8700000,610630
20191016,130000,225.9100000,226.1000000,225.4300000,225.9800000,651920
20191016,140000,226.0300000,226.8600000,225.9900000,226.3400000,2387520
20191016,150000,226.3800000,226.4400000,225.9000000,226.3200000,1165870
20191016,160000,226.3300000,226.9000000,226.1800000,226.5600000,2140430
20191016,170000,226.5600000,226.9200000,226.2000000,226.6000000,1774620
20191016,180000,226.5800000,227.0000000,226.2300000,226.9600000,2872690
20191016,190000,226.9700000,227.9000000,226.9600000,227.7000000,4298560
20191017,110000,227.6600000,228.5000000,227.1700000,227.7900000,3955540
20191017,120000,227.8000000,228.2000000,227.2700000,228.0900000,1862420
20191017,130000,228.0700000,228.6000000,227.6500000,228.2100000,2349610
20191017,140000,228.2100000,228.6000000,226.6200000,226.9900000,2803420
20191017,150000,226.9700000,227.2700000,226.0000000,226.5000000,3006730
20191017,160000,226.5100000,227.2700000,226.4000000,226.9500000,1260190
20191017,170000,226.9400000,227.3700000,226.5300000,227.3700000,1044160
20191017,180000,227.3600000,227.6900000,226.7700000,227.1700000,1922800
20191017,190000,227.1300000,228.0000000,226.8400000,228.0000000,3199430
20191018,110000,227.8800000,228.3000000,227.3800000,227.8400000,1924150
20191018,120000,227.8400000,228.2200000,227.2700000,227.3500000,2583510
20191018,130000,227.3000000,228.8000000,227.2000000,228.6700000,2900430
20191018,140000,228.6700000,228.9000000,228.2100000,228.4800000,2085110
20191018,150000,228.4700000,228.6600000,228.2400000,228.4600000,679320
20191018,160000,228.5000000,228.8200000,228.3100000,228.4400000,895400
20191018,170000,228.4300000,228.5000000,227.8500000,228.2500000,1136170
20191018,180000,228.2800000,228.3200000,227.2000000,227.4800000,1571950
20191018,190000,227.5000000,228.0000000,227.2500000,228.0000000,2782400
20191021,110000,228.2400000,229.1100000,227.3500000,228.5900000,3255750
20191021,120000,228.5900000,228.6100000,227.8500000,227.8500000,1277740
20191021,130000,227.8500000,228.4200000,227.5400000,228.3500000,1168540
20191021,140000,228.3500000,228.6000000,228.2000000,228.2100000,642460
20191021,150000,228.2100000,228.5000000,228.2000000,228.2100000,578110
20191021,160000,228.2100000,228.6900000,228.2000000,228.4300000,724670
20191021,170000,228.4500000,228.5500000,227.5300000,227.7200000,1638450
20191021,180000,227.7200000,228.2700000,227.3100000,228.0800000,1857100
20191021,190000,228.0800000,228.5400000,227.8000000,228.5400000,3255560
20191022,110000,228.5900000,229.9500000,228.2800000,229.7500000,3861170
20191022,120000,229.7300000,231.1300000,229.2000000,230.9000000,6491040
20191022,130000,230.9700000,233.3100000,230.9700000,232.8600000,7659930
20191022,140000,232.8800000,233.0400000,232.6000000,232.6700000,2339870
20191022,150000,232.7000000,233.4300000,232.2000000,233.1800000,3144160
20191022,160000,233.2000000,233.3200000,232.5000000,232.8300000,2570200
20191022,170000,232.8600000,233.3500000,232.7200000,232.9500000,2140780
20191022,180000,232.9500000,234.9200000,232.5600000,234.7900000,4993980
20191022,190000,234.7900000,235.3600000,234.1900000,235.3600000,9662250
20191023,110000,234.8600000,235.2100000,233.1600000,234.0100000,5706060
20191023,120000,234.0200000,237.6700000,233.9000000,236.7400000,11146380
20191023,130000,236.8100000,237.0200000,234.5500000,235.1000000,5878610
20191023,140000,235.0400000,236.1100000,234.8000000,235.8600000,2585340
20191023,150000,235.8100000,236.2300000,234.5500000,235.0900000,2691820
20191023,160000,235.1700000,235.5600000,234.2200000,234.4200000,2193080
20191023,170000,234.3400000,235.2400000,233.8300000,234.9400000,3394940
20191023,180000,234.8900000,235.7000000,234.6100000,235.5800000,2523090
20191023,190000,235.5800000,236.2000000,235.5100000,236.2000000,3453270
20191024,110000,236.4600000,239.2600000,236.4600000,237.7300000,9914150
20191024,120000,237.7900000,238.4500000,237.2000000,238.2400000,3033300
20191024,130000,238.3200000,238.8600000,237.8400000,238.5300000,1455420
20191024,140000,238.5400000,239.0900000,237.7100000,237.8900000,2206370
20191024,150000,237.9500000,240.4700000,237.9100000,240.4700000,5854910
20191024,160000,240.4600000,244.0000000,240.2300000,241.9000000,9767410
20191024,170000,241.9000000,242.7000000,241.0000000,241.7800000,6610920
20191024,180000,241.7900000,243.1000000,241.7000000,242.1500000,3548660
20191024,190000,242.2200000,243.9400000,241.9000000,243.9400000,5197680
20191025,110000,244.1700000,244.5000000,242.0200000,242.4900000,6152370
20191025,120000,242.5800000,242.8300000,239.5000000,240.7100000,10132190
20191025,130000,240.7100000,241.5800000,240.1600000,240.3200000,2599700
20191025,140000,240.3200000,242.5700000,240.1900000,242.0500000,3008660
20191025,150000,242.2300000,244.7500000,241.9200000,244.6200000,5210230
20191025,160000,244.6100000,245.8000000,242.6500000,243.1100000,4940590
20191025,170000,243.1000000,244.3700000,243.0000000,244.1000000,2234030
20191025,180000,244.1000000,245.3700000,243.9000000,244.7400000,3100480
20191025,190000,244.7900000,247.4000000,244.7900000,246.7100000,6476640
20191028,110000,247.3400000,249.9600000,247.3000000,247.9200000,6273970
20191028,120000,247.9200000,248.9400000,246.5000000,248.1100000,5314000
20191028,130000,248.1000000,248.9600000,247.8100000,248.0500000,1711200
20191028,140000,248.0500000,248.9000000,247.3000000,248.4600000,2454580
20191028,150000,248.4500000,248.6900000,247.5300000,247.6400000,1753180
20191028,160000,247.5800000,247.9900000,246.5000000,247.1500000,2473070
20191028,170000,247.0800000,247.4000000,245.6400000,246.7200000,3456620
20191028,180000,246.7100000,246.7200000,242.7000000,243.0100000,7635520
20191028,190000,242.9000000,244.5100000,242.8000000,244.4000000,3828560
20191029,110000,244.0300000,244.3900000,241.4000000,243.4300000,4636640
20191029,120000,243.4200000,250.3700000,243.4000000,249.3400000,16297250
20191029,130000,249.4900000,251.1000000,249.2000000,249.6800000,6680170
20191029,140000,249.6900000,250.6000000,249.6000000,250.1200000,4195570
20191029,150000,250.1200000,253.6900000,249.7500000,252.6400000,8897710
20191029,160000,252.6700000,253.0000000,251.8300000,252.3400000,4625630
20191029,170000,252.3800000,253.0000000,250.2200000,250.2700000,9057040
20191029,180000,250.2900000,251.9400000,249.7200000,251.3300000,7704250
20191029,190000,251.4100000,253.1000000,250.9000000,253.1000000,8714310
20191030,110000,252.8500000,254.9700000,252.0100000,254.0000000,7417350
20191030,120000,254.0600000,255.6200000,253.7500000,255.5800000,6751940
20191030,130000,255.6200000,260.1500000,255.0100000,260.0600000,16635910
20191030,140000,260.0700000,260.1500000,258.6000000,259.0200000,11430180
20191030,150000,258.9700000,260.3700000,258.8500000,260.2700000,7993530
20191030,160000,260.2600000,264.8400000,259.3300000,264.8400000,16215980
20191030,170000,264.8100000,265.2600000,260.5300000,261.3100000,17130760
20191030,180000,261.3600000,262.2400000,260.0200000,261.5600000,7533590
20191030,190000,261.6500000,261.7500000,260.5000000,261.6000000,6690520
20191031,110000,262.2900000,267.4000000,262.2500000,266.8000000,17389850
20191031,120000,266.7600000,266.9700000,262.5300000,263.6000000,12652130
20191031,130000,263.6000000,264.3800000,260.5100000,261.7200000,13722860
20191031,140000,261.7200000,263.8800000,261.0400000,261.6800000,5524180
20191031,150000,261.6700000,261.9400000,260.8500000,261.4000000,2323400
20191031,160000,261.4000000,263.7700000,260.9300000,262.8900000,5288270
20191031,170000,262.9300000,264.1500000,261.5600000,262.3400000,5109900
20191031,180000,262.2900000,262.3500000,257.0000000,258.9600000,16935200
20191031,190000,258.9900000,260.0000000,257.7000000,260.0000000,10666200
20191101,110000,260.1100000,260.8500000,256.3500000,256.7000000,8244900
20191101,120000,256.7100000,262.0000000,256.7100000,261.8200000,10377740
20191101,130000,261.8100000,262.7800000,259.7500000,260.3500000,6793440
20191101,140000,260.3300000,262.1000000,260.0500000,261.7300000,2265610
20191101,150000,261.7700000,263.4000000,261.1700000,262.3400000,5308910
20191101,160000,262.3400000,263.5500000,261.1700000,262.3600000,4148130
20191101,170000,262.3600000,263.9500000,262.0000000,262.9700000,4588430
20191101,180000,262.8800000,263.2900000,262.0500000,262.7500000,3607150
20191101,190000,262.7500000,264.2800000,262.7500000,263.7900000,5560680
20191105,110000,266.0200000,267.5300000,264.6000000,264.6100000,6228530
20191105,120000,264.6900000,265.8300000,263.6400000,265.8300000,6283290
20191105,130000,265.8200000,265.8800000,263.7200000,264.8100000,2506170
20191105,140000,264.8700000,266.2800000,264.5100000,265.5700000,2852610
20191105,150000,265.5500000,266.0000000,264.0500000,264.2100000,2438340
20191105,160000,264.1800000,264.7500000,264.0600000,264.3400000,1646680
20191105,170000,264.3400000,264.8100000,263.6500000,263.9000000,2852290
20191105,180000,263.9000000,264.3700000,262.0000000,262.2200000,4830860
20191105,190000,262.2200000,263.0000000,261.3100000,263.0000000,7021090
20191106,110000,263.1100000,263.4000000,261.3000000,262.5200000,3324020
20191106,120000,262.5500000,262.7000000,258.9100000,260.4000000,6181830
20191106,130000,260.4400000,261.4900000,260.3300000,260.9600000,1800590
20191106,140000,260.9600000,262.4900000,260.2200000,262.3200000,2327050
20191106,150000,262.3700000,263.7800000,262.1200000,263.0400000,3452210
20191106,160000,263.0400000,264.9300000,263.0000000,264.7400000,3112500
20191106,170000,264.7500000,266.4600000,263.6200000,265.3600000,5495230
20191106,180000,265.4300000,266.1200000,264.5200000,264.9400000,3959460
20191106,190000,264.9400000,266.9800000,264.7200000,266.9800000,8029430
20191107,110000,266.0100000,268.0000000,265.0000000,266.9400000,7165690
20191107,120000,266.9400000,267.2000000,264.6600000,266.1700000,5874230
20191107,130000,266.1700000,267.7700000,266.1700000,267.4900000,4315950
20191107,140000,267.4900000,267.7700000,266.7500000,267.7100000,2247050
20191107,150000,267.5500000,270.8500000,267.5100000,269.7900000,11703150
20191107,160000,269.7800000,272.6800000,269.7000000,271.2700000,9679250
20191107,170000,271.2100000,272.0700000,270.0100000,271.6900000,4864340
20191107,180000,271.7300000,272.1000000,270.1100000,270.5500000,4757830
20191107,190000,270.5500000,271.3700000,269.8500000,270.7400000,5536630
20191108,110000,269.9000000,270.2000000,267.5500000,268.0300000,5994880
20191108,120000,268.0500000,269.2900000,266.9000000,267.3200000,4282720
20191108,130000,267.3400000,267.7400000,266.6700000,266.9600000,3090580
20191108,140000,266.9500000,267.0000000,266.3400000,266.9500000,2574820
20191108,150000,266.9200000,267.7500000,266.6900000,267.1500000,2444090
20191108,160000,267.1500000,267.6000000,266.1700000,267.1200000,2532950
20191108,170000,267.1900000,267.7500000,266.4100000,266.4100000,3134890
20191108,180000,266.4100000,266.6400000,264.5300000,264.9600000,5963440
20191108,190000,264.9700000,266.4400000,264.4500000,266.0000000,3390240
20191111,110000,265.0000000,265.2200000,262.5000000,263.0900000,5582640
20191111,120000,263.1500000,265.4500000,262.8100000,264.1600000,4775970
20191111,130000,264.1600000,264.1700000,263.5000000,263.6800000,2624530
20191111,140000,263.6800000,263.6900000,260.3500000,260.7400000,7024180
20191111,150000,260.8400000,262.2400000,260.3200000,260.5200000,4130960
20191111,160000,260.5700000,261.4400000,259.8000000,261.0800000,4609950
20191111,170000,261.1900000,263.2100000,261.0400000,262.9900000,3636710
20191111,180000,263.0300000,263.0300000,260.8200000,261.7000000,3814520
20191111,190000,261.7400000,261.8000000,260.2200000,260.4000000,6559550
20191112,110000,260.8200000,264.5700000,260.8200000,263.7000000,8266470
20191112,120000,263.6600000,264.3500000,262.5500000,262.5500000,4716550
20191112,130000,262.5500000,263.2100000,260.8400000,261.0500000,4191620
20191112,140000,261.1400000,261.8200000,260.5700000,261.1500000,3334520
20191112,150000,261.1300000,262.2000000,260.5000000,260.6900000,4626040
20191112,160000,260.6500000,261.3000000,259.6000000,259.8500000,6701150
20191112,170000,259.8500000,260.0700000,256.8100000,257.1900000,13557600
20191112,180000,257.2500000,258.4400000,256.1300000,258.2300000,9204620
20191112,190000,258.2400000,258.2500000,256.8000000,257.2500000,6878460
20191113,110000,256.1100000,257.1900000,252.7000000,253.5700000,17476090
20191113,120000,253.5600000,255.2900000,252.1000000,252.1000000,10418160
20191113,130000,252.2000000,252.4900000,250.7900000,251.8200000,10843090
20191113,140000,251.8600000,253.2900000,251.5300000,251.6600000,6128040
20191113,150000,251.7000000,252.5000000,251.0000000,251.2800000,5394080
20191113,160000,251.3000000,252.1700000,251.1600000,251.6400000,3603340
20191113,170000,251.6400000,255.1900000,251.3000000,253.5400000,16155450
20191113,180000,253.6100000,253.8600000,252.5200000,253.3000000,8316860
20191113,190000,253.3000000,253.9400000,251.6900000,251.8000000,9416810
20191114,110000,252.5500000,253.4600000,249.2000000,250.7500000,18430100
20191114,120000,250.7100000,253.0000000,249.5000000,252.1000000,11703090
20191114,130000,252.1100000,252.6700000,250.2500000,250.4600000,5963020
20191114,140000,250.4600000,250.7900000,249.8300000,250.0000000,4552310
20191114,150000,250.0500000,250.5400000,248.4000000,248.5000000,8571590
20191114,160000,248.5000000,248.9800000,246.3000000,246.4000000,9940570
20191114,170000,246.4000000,247.2500000,245.1000000,246.0100000,14216820
20191114,180000,246.0200000,249.1500000,244.8000000,248.2900000,22381540
20191114,190000,248.3000000,251.8000000,246.7100000,248.3400000,31889940
20191115,110000,248.5000000,249.2700000,245.0000000,245.0200000,16989690
20191115,120000,245.0300000,248.4400000,245.0200000,247.5000000,17083710
20191115,130000,247.5000000,249.8500000,246.7600000,248.9200000,13932110
20191115,140000,248.8900000,250.3500000,247.7000000,247.9600000,9243520
20191115,150000,247.9900000,248.7400000,247.2800000,248.7400000,3888940
20191115,160000,248.7100000,249.5000000,247.8700000,248.8400000,4088260
20191115,170000,248.8500000,250.4700000,248.5700000,249.0600000,6874400
20191115,180000,249.0400000,249.5800000,248.0000000,248.0500000,8007780
20191115,190000,248.1100000,250.0000000,248.0000000,248.0100000,9173620
20191118,110000,250.0100000,250.4000000,247.7100000,248.5600000,6293210
20191118,120000,248.5400000,249.7400000,248.5000000,249.5300000,6573180
20191118,130000,249.5400000,250.1000000,249.4900000,249.9400000,4533650
20191118,140000,249.9400000,250.1000000,248.0400000,248.3200000,7192600
20191118,150000,248.3200000,249.1000000,248.3000000,249.0800000,2819490
20191118,160000,249.0900000,249.3000000,247.5400000,248.2500000,2984600
20191118,170000,248.2300000,248.5600000,247.0000000,247.0500000,8131530
20191118,180000,247.0600000,247.5700000,245.6200000,246.4600000,8595180
20191118,190000,246.4000000,247.0000000,246.1500000,246.1500000,5446080
20191119,110000,246.5000000,246.6800000,244.3200000,245.8500000,8748540
20191119,120000,245.8500000,248.4300000,245.5000000,246.6900000,10288380
20191119,130000,246.7000000,247.4700000,246.0700000,247.2400000,3248710
20191119,140000,247.2400000,247.3500000,246.7500000,247.1700000,2350760
20191119,150000,247.1700000,247.9100000,246.8700000,247.4000000,3920520
20191119,160000,247.4000000,248.7000000,247.3000000,248.0400000,3554620
20191119,170000,248.0200000,248.4700000,247.3000000,247.4100000,7648680
20191119,180000,247.4000000,247.6600000,245.6300000,245.7400000,13525730
20191119,190000,245.7400000,248.0100000,245.1800000,248.0100000,12721220
20191120,110000,246.9400000,247.8000000,246.0300000,246.6900000,5137300
20191120,120000,246.6900000,247.7000000,246.4000000,247.6500000,6966770
20191120,130000,247.6500000,254.8900000,247.5000000,252.0500000,39172600
20191120,140000,252.0400000,252.3500000,251.0000000,251.1500000,11608010
20191120,150000,251.1500000,252.2700000,250.1100000,251.7100000,11939670
20191120,160000,251.6700000,252.4500000,249.5000000,250.5500000,18159600
20191120,170000,250.5500000,250.9900000,246.0000000,247.2000000,30059560
20191120,180000,247.2000000,249.3800000,245.5800000,249.2100000,22591970
20191120,190000,249.2100000,249.9200000,246.1000000,248.0000000,53505690
20191121,110000,252.0000000,258.4000000,250.0100000,255.6000000,49554280
20191121,120000,255.7000000,256.9800000,254.0100000,256.1000000,28725060
20191121,130000,256.0900000,257.3100000,255.3500000,256.0000000,9336840
20191121,140000,256.0000000,258.4600000,256.0000000,257.4300000,14142750
20191121,150000,257.4300000,259.4600000,257.3500000,259.1400000,9098400
20191121,160000,259.1400000,259.8000000,258.0100000,258.6100000,13624880
20191121,170000,258.6700000,258.9700000,255.5000000,256.0000000,27685660
20191121,180000,256.0000000,257.1700000,252.5200000,253.8700000,35990350
20191121,190000,253.8600000,255.7400000,253.5600000,254.3500000,33031840
20191122,110000,253.1200000,257.7200000,253.1200000,255.9000000,24724570
20191122,120000,255.9000000,257.5000000,254.5700000,255.5300000,12205200
20191122,130000,255.5800000,255.7500000,253.6000000,254.3800000,6701600
20191122,140000,254.3500000,254.4000000,251.2300000,252.1900000,9854860
20191122,150000,252.0400000,252.2600000,250.3300000,251.2200000,12778030
20191122,160000,251.2200000,253.1300000,251.0000000,252.6200000,4888850
20191122,170000,252.6300000,252.7600000,250.1300000,251.8200000,7840730
20191122,180000,251.8100000,253.1300000,251.1200000,251.2700000,6503330
20191122,190000,251.2900000,252.1900000,250.7800000,251.9900000,6639550
20191125,110000,252.1200000,253.7000000,251.4600000,253.5100000,7744050
20191125,120000,253.5000000,254.4500000,253.0600000,254.3300000,7030240
20191125,130000,254.2500000,256.0900000,253.8000000,255.6000000,8715220
20191125,140000,255.6000000,255.8300000,254.5300000,255.6000000,4823140
20191125,150000,255.6400000,256.1700000,255.3000000,255.5100000,4359970
20191125,160000,255.5100000,256.0400000,255.0700000,255.5300000,2384420
20191125,170000,255.5300000,256.0500000,255.2000000,255.4100000,4189240
20191125,180000,255.4100000,255.7300000,254.5400000,255.0100000,5341280
20191125,190000,255.0100000,255.4900000,255.0100000,255.2000000,3161930
20191126,110000,255.6000000,257.4100000,255.0500000,256.9100000,8069130
20191126,120000,256.9700000,257.2500000,255.1000000,255.4700000,7584280
20191126,130000,255.4300000,255.8900000,255.1000000,255.4000000,2598610
20191126,140000,255.4300000,255.8000000,255.1000000,255.4100000,2528880
20191126,150000,255.4300000,255.6000000,253.8700000,253.9500000,5360230
20191126,160000,253.8700000,254.9000000,253.7200000,254.4000000,3461730
20191126,170000,254.4000000,254.6300000,253.8800000,254.2000000,2993680
20191126,180000,254.2000000,254.2500000,252.0100000,252.2000000,13264100
20191126,190000,252.2000000,254.0000000,252.1500000,254.0000000,24264730
20191127,110000,253.8000000,254.7300000,253.0900000,254.5000000,4771590
20191127,120000,254.5000000,254.5900000,252.2500000,253.8000000,9584100
20191127,130000,253.7100000,254.4800000,253.6100000,254.0500000,1837580
20191127,140000,254.1200000,255.3800000,253.9000000,255.0700000,3522640
20191127,150000,255.1000000,255.8500000,254.5400000,254.6200000,5042200
20191127,160000,254.6200000,255.0000000,254.1300000,254.6600000,2347260
20191127,170000,254.6500000,255.1800000,254.1000000,254.4100000,3570390
20191127,180000,254.4000000,254.6500000,253.5700000,253.8900000,3079990
20191127,190000,253.9400000,254.3800000,253.0500000,253.8900000,3901130
20191128,110000,253.4800000,253.9300000,251.5500000,251.8200000,5920310
20191128,120000,251.8400000,252.5900000,251.3500000,251.8400000,4324520
20191128,130000,251.8400000,252.3100000,251.4000000,252.0700000,3101920
20191128,140000,252.0800000,253.1700000,252.0700000,252.6900000,2431560
20191128,150000,252.7000000,252.8800000,251.9300000,252.7500000,1233880
20191128,160000,252.7700000,253.8400000,252.7000000,253.7700000,3670200
20191128,170000,253.7700000,254.2600000,253.1600000,254.0000000,3159770
20191128,180000,254.0000000,254.4300000,253.6900000,254.1600000,2195460
20191128,190000,254.1800000,254.3700000,253.9200000,254.0000000,3728200
20191129,110000,253.8900000,255.0100000,253.6200000,254.3000000,4982960
20191129,120000,254.3100000,254.4400000,253.5800000,254.3200000,2159230
20191129,130000,254.3300000,254.7400000,253.2000000,253.3900000,3157860
20191129,140000,253.4000000,254.1400000,252.7000000,254.0000000,2818070
20191129,150000,253.8800000,254.1400000,251.8600000,252.0000000,6373070
20191129,160000,252.0000000,254.7500000,252.0000000,254.4500000,8013000
20191129,170000,254.4600000,256.8000000,254.4500000,256.8000000,9530610
20191129,180000,256.7600000,257.5000000,256.0100000,256.5400000,7987020
20191129,190000,256.5500000,257.5400000,256.4100000,257.5400000,8251660
20191202,110000,258.4500000,261.7500000,258.0500000,261.1100000,16708830
20191202,120000,261.1100000,262.9800000,260.2200000,262.0000000,8846050
20191202,130000,261.9600000,263.4000000,260.7900000,261.2500000,7567560
20191202,140000,261.2400000,261.3100000,259.5400000,260.4200000,5663960
20191202,150000,260.4300000,260.7500000,259.7000000,260.6100000,3760410
20191202,160000,260.6100000,260.9000000,259.0000000,259.6700000,3051110
20191202,170000,259.6400000,259.6700000,257.7500000,258.5000000,4951470
20191202,180000,258.5000000,258.7000000,255.4300000,255.5500000,7904750
20191202,190000,255.6300000,256.3700000,254.0500000,254.0500000,11669830
20191203,110000,253.2000000,253.9700000,251.6000000,252.2200000,9959380
20191203,120000,252.2200000,253.2200000,250.5800000,252.7200000,11130660
20191203,130000,252.7200000,253.6900000,252.2100000,253.0300000,9781260
20191203,140000,253.0600000,254.1400000,252.9500000,253.2600000,6433810
20191203,150000,253.2600000,253.5100000,252.2100000,252.4800000,2752940
20191203,160000,252.5100000,253.0500000,251.1500000,251.4000000,4070190
20191203,170000,251.3700000,252.1600000,249.4000000,249.6200000,7661830
20191203,180000,249.6200000,249.8400000,247.0900000,248.6000000,14815880
20191203,190000,248.6000000,249.1000000,247.5000000,247.9300000,8661120
20191204,110000,248.5000000,250.3000000,246.4000000,249.7600000,13388020
20191204,120000,249.7600000,250.2500000,248.3100000,248.5500000,5895880
20191204,130000,248.5600000,249.5000000,248.0500000,249.1200000,3936700
20191204,140000,249.1800000,249.1800000,248.1100000,248.3100000,3077840
20191204,150000,248.4000000,251.4200000,248.3400000,251.2800000,7265870
20191204,160000,251.2800000,251.9600000,250.6100000,251.4400000,5243010
20191204,170000,251.4600000,251.5400000,249.2900000,249.6300000,6466740
20191204,180000,249.5800000,250.9600000,249.4100000,249.7700000,5512070
20191204,190000,249.7700000,249.9900000,248.8800000,248.9300000,8473070
20191205,110000,249.5000000,250.3000000,248.8200000,249.2400000,4153420
20191205,120000,249.2400000,249.8000000,247.2000000,247.7500000,7299530
20191205,130000,247.7100000,248.1600000,246.3000000,246.5000000,8643040
20191205,140000,246.5000000,246.5800000,245.7300000,246.0900000,9446480
20191205,150000,246.1000000,247.1800000,245.8200000,246.5500000,5890200
20191205,160000,246.5100000,246.9900000,245.8700000,246.0500000,3481150
20191205,170000,246.0300000,246.2900000,245.5000000,245.7800000,7112290
20191205,180000,245.7700000,246.4700000,245.5000000,245.7600000,5457050
20191205,190000,245.7700000,246.7700000,244.7700000,246.3600000,10190660
20191206,110000,246.5000000,248.2500000,245.8300000,248.0100000,6978670
20191206,120000,248.0100000,248.2000000,245.5500000,246.2700000,5056610
20191206,130000,246.3000000,246.5200000,245.3900000,245.6600000,5313870
20191206,140000,245.6800000,246.3600000,245.5600000,245.8000000,2875820
20191206,150000,245.7500000,247.7900000,245.5000000,246.7200000,4743950
20191206,160000,246.7200000,247.6700000,246.1500000,247.3500000,3324130
20191206,170000,247.3500000,247.6600000,246.5000000,246.8600000,2888380
20191206,180000,246.9000000,247.9900000,246.4100000,247.6000000,7003680
20191206,190000,247.6200000,247.9900000,247.2400000,247.8300000,6648710
20191209,110000,247.9800000,250.2000000,247.4000000,250.1900000,8013910
20191209,120000,250.1900000,250.2200000,247.5700000,247.9700000,4597960
20191209,130000,247.9700000,249.2800000,247.8200000,248.9600000,2566730
20191209,140000,248.9300000,249.0000000,248.0000000,248.4200000,2477330
20191209,150000,248.4400000,248.5700000,247.8300000,248.2700000,1651000
20191209,160000,248.2900000,248.6700000,248.0000000,248.4700000,1684290
20191209,170000,248.4700000,249.2300000,248.4500000,248.7000000,2970710
20191209,180000,248.6900000,248.9700000,248.4000000,248.5200000,3113940
20191209,190000,248.5100000,248.7700000,248.2100000,248.7000000,5304670
20191210,110000,248.9000000,250.1500000,248.0500000,249.5900000,5125970
20191210,120000,249.5500000,249.6400000,248.1200000,248.2600000,4890020
20191210,130000,248.2600000,248.4800000,246.5000000,247.4000000,6287150
20191210,140000,247.4000000,248.4600000,247.3300000,247.6600000,3234860
20191210,150000,247.6600000,247.7400000,246.7000000,247.1200000,2320640
20191210,160000,247.1200000,247.5000000,246.9700000,247.2400000,1991190
20191210,170000,247.2400000,248.3000000,247.1000000,247.6300000,2940960
20191210,180000,247.6300000,248.0300000,246.6100000,246.9500000,4110540
20191210,190000,247.0000000,247.1900000,246.7600000,246.9000000,3887910
20191211,110000,246.8400000,248.6900000,246.8400000,247.8000000,3397990
20191211,120000,247.7800000,248.5900000,247.3800000,247.7600000,4314720
20191211,130000,247.6400000,248.1200000,247.5000000,247.6700000,1880170
20191211,140000,247.6400000,247.8500000,247.0300000,247.2300000,3095280
20191211,150000,247.1800000,247.5800000,247.0000000,247.4600000,2293240
20191211,160000,247.5300000,247.6000000,247.0600000,247.3100000,1255240
20191211,170000,247.3000000,247.4700000,246.8600000,247.0600000,4665910
20191211,180000,247.0600000,247.5700000,246.8500000,247.3300000,4351510
20191211,190000,247.3300000,247.9000000,247.0700000,247.3400000,5977680
20191212,110000,247.6400000,249.1500000,247.3500000,248.7000000,6008400
20191212,120000,248.7000000,252.9400000,248.6500000,252.8000000,13474380
20191212,130000,252.7400000,254.6000000,251.6200000,252.8000000,11434030
20191212,140000,252.7700000,253.5000000,251.9500000,253.2000000,3921550
20191212,150000,253.2400000,254.6600000,250.1100000,253.9500000,16556310
20191212,160000,253.9400000,253.9900000,249.6700000,250.1700000,9782840
20191212,170000,250.2100000,250.7100000,249.2100000,250.4300000,5009040
20191212,180000,250.4300000,251.4000000,249.7000000,251.3400000,4367270
20191212,190000,251.3400000,251.8800000,250.4800000,250.4800000,8124170
20191213,110000,251.1100000,252.4800000,250.1100000,251.7900000,8850000
20191213,120000,251.8000000,252.1300000,250.6800000,250.8400000,3363660
20191213,130000,250.8900000,251.7200000,250.3200000,250.8800000,3791420
20191213,140000,250.8900000,251.2400000,249.8500000,249.8700000,3506390
20191213,150000,249.8700000,250.3000000,249.0100000,249.7100000,4766570
20191213,160000,249.7500000,250.5200000,249.3800000,249.6000000,2241690
20191213,170000,249.6400000,249.9800000,249.2200000,249.8000000,1851640
20191213,180000,249.8100000,250.3100000,248.8000000,249.1200000,7616410
20191213,190000,249.1200000,250.0000000,249.0000000,249.5000000,5764160
20191216,110000,249.9000000,250.6300000,249.3000000,249.9300000,3625160
20191216,120000,249.9300000,250.4100000,249.2000000,250.2700000,3938610
20191216,130000,250.3100000,251.4500000,250.1800000,251.0700000,4476320
20191216,140000,251.0700000,251.9100000,250.5200000,251.7200000,4099540
20191216,150000,251.7400000,252.2200000,251.1100000,251.6800000,3448280
20191216,160000,251.7100000,251.8800000,251.0100000,251.2400000,1641740
20191216,170000,251.2200000,251.3800000,250.5400000,250.8800000,1735750
20191216,180000,250.8800000,251.1900000,250.3100000,251.1700000,2930570
20191216,190000,251.1900000,251.5000000,250.7800000,250.7800000,3699610
20191217,110000,251.2400000,252.8000000,250.8000000,251.9200000,5677730
20191217,120000,251.9700000,252.5500000,251.1100000,251.8000000,6202270
20191217,130000,251.7700000,252.3200000,251.5300000,252.0000000,1793750
20191217,140000,252.0200000,252.2000000,251.5300000,251.9100000,1622300
20191217,150000,251.9100000,252.0000000,251.6800000,251.9400000,1428920
20191217,160000,251.9400000,252.5500000,251.8400000,252.4400000,3143300
20191217,170000,252.4400000,252.8600000,252.2500000,252.7000000,2114130
20191217,180000,252.6700000,252.7400000,252.0300000,252.3500000,2768760
20191217,190000,252.2600000,252.3900000,251.6400000,252.0500000,6878860
20191218,110000,252.0000000,252.7100000,251.0000000,251.3200000,4721490
20191218,120000,251.3400000,252.0900000,251.2900000,251.7200000,1999550
20191218,130000,251.7100000,252.0200000,251.3000000,251.8900000,3101000
20191218,140000,251.8900000,251.9600000,251.4000000,251.6900000,2506080
20191218,150000,251.6900000,251.9000000,251.3000000,251.5700000,3360200
20191218,160000,251.5700000,251.7500000,251.3700000,251.5400000,1461690
20191218,170000,251.5400000,251.7300000,251.2000000,251.4400000,1997090
20191218,180000,251.4500000,251.6800000,250.8500000,251.0200000,4462480
20191218,190000,251.0200000,251.3900000,250.8700000,251.2900000,5527400
20191219,110000,250.9500000,252.3000000,250.2700000,251.4800000,4813530
20191219,120000,251.4500000,251.5600000,251.0500000,251.1700000,2251400
20191219,130000,251.1700000,251.2900000,250.5800000,250.5900000,2371290
20191219,140000,250.6000000,250.6900000,250.0100000,250.2300000,2673170
20191219,150000,250.2300000,250.6400000,250.0000000,250.1400000,4854630
20191219,160000,250.1400000,251.2700000,250.0900000,251.1000000,7801230
20191219,170000,251.1000000,251.1000000,250.0000000,250.2100000,3258090
20191219,180000,250.2200000,250.7700000,249.4000000,250.7300000,4710480
20191219,190000,250.7300000,251.4000000,250.2300000,251.4000000,4618530
20191220,110000,252.7100000,253.9200000,252.2200000,252.6600000,6462210
20191220,120000,252.7100000,253.1800000,252.3200000,252.6100000,3125090
20191220,130000,252.6300000,254.3300000,252.4800000,253.4000000,5298710
20191220,140000,253.4000000,254.2200000,253.0300000,253.5500000,3584300
20191220,150000,253.5100000,254.0900000,253.3500000,253.5600000,1810190
20191220,160000,253.5600000,255.2900000,253.5000000,254.7700000,7064040
20191220,170000,254.7700000,256.5800000,254.7000000,255.3700000,8916500
20191220,180000,255.3700000,256.4900000,255.2200000,255.9800000,5123910
20191220,190000,255.9800000,256.0900000,255.3300000,255.5000000,18728440
20191223,110000,251.5000000,254.3100000,251.1100000,252.6200000,9419650
20191223,120000,252.6100000,253.4000000,252.0000000,253.3200000,3589130
20191223,130000,253.3200000,254.1000000,253.2700000,253.7400000,4467110
20191223,140000,253.7800000,254.2000000,253.3500000,253.7200000,2724400
20191223,150000,253.7000000,254.0000000,252.6800000,253.0100000,3131390
20191223,160000,253.0100000,253.3800000,252.8100000,253.2200000,1804830
20191223,170000,253.2200000,253.9500000,253.0200000,253.6900000,2759200
20191223,180000,253.6900000,254.6800000,253.6600000,254.6300000,4318500
20191223,190000,254.6400000,255.2000000,254.0700000,255.0000000,5432610
20191224,110000,255.6000000,257.7100000,254.6400000,257.1500000,6078730
20191224,120000,257.1400000,257.4900000,255.9000000,257.2300000,3813390
20191224,130000,257.2700000,257.4700000,255.8100000,256.2400000,2820990
20191224,140000,256.1600000,256.7700000,255.6100000,255.9100000,2133380
20191224,150000,255.9200000,256.3500000,255.7400000,256.2400000,1026810
20191224,160000,256.2400000,256.3700000,255.3300000,255.7700000,1937980
20191224,170000,255.7800000,255.8200000,254.7000000,255.1200000,1966720
20191224,180000,255.1000000,255.5000000,254.2600000,254.9800000,1453960
20191224,190000,254.9200000,255.2500000,254.8100000,254.8700000,1519790
20191225,110000,254.9000000,255.4900000,253.2100000,253.8000000,3976270
20191225,120000,253.8300000,254.0700000,253.1300000,253.4100000,2391690
20191225,130000,253.4100000,253.9200000,253.0200000,253.8000000,1377090
20191225,140000,253.8900000,254.0000000,253.2700000,253.5300000,682330
20191225,150000,253.5200000,253.7800000,253.2600000,253.5400000,530050
20191225,160000,253.5400000,254.0000000,253.5000000,253.8300000,505210
20191225,170000,253.8300000,253.9000000,253.1500000,253.1500000,794160
20191225,180000,253.1600000,253.5000000,253.1300000,253.4100000,597840
20191225,190000,253.3700000,253.6900000,253.2200000,253.2500000,1450820
20191226,110000,253.4500000,253.5000000,252.5000000,253.0600000,2010980
20191226,120000,253.0700000,253.7300000,252.7200000,253.6000000,1214320
20191226,130000,253.6000000,253.7000000,253.2200000,253.5300000,670390
20191226,140000,253.5100000,253.8600000,253.2500000,253.6500000,489590
20191226,150000,253.6500000,254.0000000,253.5400000,253.6500000,592690
20191226,160000,253.6500000,253.8900000,253.3200000,253.6600000,559100
20191226,170000,253.6100000,253.7400000,252.6900000,253.4900000,1687860
20191226,180000,253.4900000,254.2400000,253.3200000,254.1100000,2110810
20191226,190000,254.1000000,254.1500000,253.7500000,254.1000000,1539840
20191227,110000,254.3300000,255.2700000,254.0000000,254.9500000,2958170
20191227,120000,254.9300000,256.2800000,254.9300000,255.9700000,4505950
20191227,130000,256.0000000,256.3900000,255.5600000,256.3000000,1288890
20191227,140000,256.3000000,256.7000000,255.9600000,256.3100000,2343900
20191227,150000,256.2900000,256.4400000,255.9000000,256.1000000,1500580
20191227,160000,256.0700000,256.2400000,255.7100000,256.1700000,1495210
20191227,170000,256.1600000,257.2400000,256.1000000,256.6800000,3974400
20191227,180000,256.7000000,257.3900000,256.5900000,256.8800000,2478680
20191227,190000,256.8800000,257.4900000,256.8000000,257.1100000,3654160
20191230,110000,257.0900000,257.4400000,255.3600000,255.7200000,2968980
20191230,120000,255.7300000,256.1000000,254.7100000,255.9500000,2876280
20191230,130000,255.9800000,257.1500000,255.9000000,256.4600000,1572820
20191230,140000,256.4500000,257.1100000,256.1400000,256.4100000,1355210
20191230,150000,256.4700000,256.9900000,256.0100000,256.8200000,1023420
20191230,160000,256.8200000,257.3000000,256.5100000,256.6400000,1318940
20191230,170000,256.5900000,258.2400000,256.5900000,257.9800000,3385590
20191230,180000,257.9400000,258.3000000,256.6000000,256.7700000,3144600
20191230,190000,256.7200000,257.2000000,256.0500000,256.4000000,5828160
20200103,110000,259.1000000,260.2700000,258.5200000,259.3600000,3897800
20200103,120000,259.3600000,261.8600000,259.0400000,261.7500000,8670090
20200103,130000,261.8000000,261.9000000,260.9100000,261.5000000,3347900
20200103,140000,261.5400000,261.8200000,260.9400000,261.1800000,2201500
20200103,150000,261.2000000,261.5700000,259.4300000,259.6900000,3036390
20200103,160000,259.6300000,259.6300000,258.3600000,258.7300000,3007220
20200103,170000,258.7200000,259.0800000,258.4700000,258.6600000,1997400
20200103,180000,258.6600000,259.5500000,257.7700000,259.5000000,2858420
20200103,190000,259.4500000,259.5500000,258.5000000,259.0000000,5309570
20200106,110000,258.9100000,258.9600000,256.0000000,256.5700000,6421480
20200106,120000,256.6600000,257.5600000,256.0100000,256.1600000,4017600
20200106,130000,256.1100000,256.4400000,255.4200000,256.0500000,3490460
20200106,140000,256.0600000,256.2300000,255.6700000,255.8100000,1121000
20200106,150000,255.8700000,256.4300000,255.5500000,256.1100000,1243520
20200106,160000,256.1500000,256.1500000,255.0100000,255.0500000,2867200
20200106,170000,255.0800000,255.3000000,254.8000000,255.2000000,2440280
20200106,180000,255.1700000,255.9900000,254.9500000,255.6900000,2536080
20200106,190000,255.7100000,256.5500000,255.6700000,256.5500000,3969090
20200108,110000,256.2500000,257.3200000,254.7700000,256.2000000,4516330
20200108,120000,256.1700000,256.4000000,255.3000000,255.5100000,3516450
20200108,130000,255.3900000,256.0800000,255.1600000,255.2600000,3293450
20200108,140000,255.2600000,256.1100000,255.1800000,255.5900000,1843590
20200108,150000,255.6100000,255.7000000,255.0400000,255.1000000,2977660
20200108,160000,255.1300000,255.7300000,255.0600000,255.2900000,1424330
20200108,170000,255.2900000,255.6000000,255.0800000,255.3200000,1797120
20200108,180000,255.3200000,255.9500000,255.1700000,255.5900000,2545830
20200108,190000,255.5900000,255.7900000,255.2500000,255.7900000,3652210
20200109,110000,255.6600000,256.6800000,255.3300000,256.2000000,3230590
20200109,120000,256.2000000,256.2000000,253.8000000,254.0100000,6570010
20200109,130000,254.0100000,254.1400000,251.8200000,254.0900000,7623170
20200109,140000,254.0700000,254.3400000,253.2900000,253.4100000,2076710
20200109,150000,253.4500000,254.6800000,253.3900000,254.6300000,1786120
20200109,160000,254.6300000,254.9300000,253.9400000,254.1700000,2684250
20200109,170000,254.1700000,254.4300000,253.6600000,254.2700000,1776810
20200109,180000,254.2200000,254.7300000,253.8100000,254.0300000,3462140
20200109,190000,254.0400000,254.6500000,253.8100000,254.0700000,3985030
20200110,110000,253.9900000,254.3500000,252.7100000,253.3900000,2618690
20200110,120000,253.2800000,253.7200000,252.4200000,253.2300000,2780400
20200110,130000,253.1900000,254.6000000,253.0100000,254.0000000,4304190
20200110,140000,254.0000000,254.0000000,252.8600000,253.0000000,1764940
20200110,150000,253.0200000,253.3900000,252.7200000,253.0400000,2314150
20200110,160000,253.0200000,253.1500000,252.7200000,252.8000000,1728570
20200110,170000,252.8000000,252.8400000,251.8700000,252.5400000,4249610
20200110,180000,252.5900000,252.6500000,251.7100000,251.8000000,3610320
20200110,190000,251.7600000,252.1300000,251.2000000,251.9000000,5174720
20200113,110000,252.5000000,252.5000000,250.7700000,250.8300000,4479690
20200113,120000,250.8000000,250.9400000,248.4000000,249.6600000,10987610
20200113,130000,249.6600000,250.7900000,249.3500000,250.0500000,2868920
20200113,140000,250.0500000,250.2400000,248.5700000,248.7800000,4544190
20200113,150000,248.8000000,249.4100000,248.5900000,248.6200000,3805670
20200113,160000,248.6100000,249.9600000,248.5500000,249.3400000,2242460
20200113,170000,249.3300000,249.9800000,249.0000000,249.7900000,2298540
20200113,180000,249.8000000,250.4400000,249.6600000,250.2600000,3798300
20200113,190000,250.2600000,251.5000000,249.9300000,251.5000000,6309200
20200114,110000,252.0000000,253.2000000,251.2200000,253.0300000,4682130
20200114,120000,253.0300000,253.1800000,250.5600000,251.2200000,4611230
20200114,130000,251.2100000,251.7400000,250.9100000,251.5000000,1489970
20200114,140000,251.4700000,251.6600000,250.8600000,251.3400000,2371350
20200114,150000,251.2800000,251.3400000,250.0500000,250.7900000,4674320
20200114,160000,250.8000000,250.9500000,249.1300000,249.3800000,4662210
20200114,170000,249.3500000,250.1000000,249.0000000,249.9600000,3143160
20200114,180000,249.9800000,250.7000000,249.7200000,250.2200000,3047570
20200114,190000,250.2200000,250.9800000,249.9800000,250.0000000,4184710
20200115,110000,249.5000000,249.8700000,248.7100000,249.3300000,2577200
20200115,120000,249.2400000,251.2500000,248.3300000,250.9400000,6716020
20200115,130000,250.9000000,251.5000000,250.0000000,250.0700000,2653990
20200115,140000,250.0500000,250.4800000,249.2000000,249.2900000,1872600
20200115,150000,249.2900000,250.4300000,249.0600000,249.4400000,2210210
20200115,160000,249.4000000,249.9500000,249.2000000,249.5100000,1022890
20200115,170000,249.4800000,251.0000000,247.7500000,249.8900000,12137930
20200115,180000,249.9600000,252.5000000,249.1300000,251.9500000,10532910
20200115,190000,251.9200000,252.0000000,250.7100000,251.3000000,4212430
20200116,110000,251.8700000,254.4000000,251.5000000,253.4800000,7351750
20200116,120000,253.4100000,253.9800000,252.8200000,253.6800000,5074040
20200116,130000,253.6300000,253.8000000,252.3000000,252.9000000,4733320
20200116,140000,252.9000000,254.3000000,252.6000000,254.0600000,3453780
20200116,150000,254.1000000,254.3900000,253.2500000,253.4000000,2127800
20200116,160000,253.4300000,254.2400000,253.2700000,253.7900000,1621500
20200116,170000,253.8000000,254.5000000,253.4400000,254.0700000,5479510
20200116,180000,254.0300000,254.5400000,254.0000000,254.1000000,4329850
20200116,190000,254.1200000,254.3000000,254.0000000,254.2600000,4222860
20200117,110000,254.7600000,255.6400000,253.8000000,255.4400000,4767230
20200117,120000,255.4800000,256.2900000,255.1200000,255.9100000,4754820
20200117,130000,255.9800000,256.4900000,255.3900000,256.0500000,4176270
20200117,140000,256.0600000,256.6000000,254.1000000,256.1600000,9689140
20200117,150000,256.1700000,256.6000000,255.4400000,255.7900000,3035070
20200117,160000,255.7400000,255.9700000,254.8700000,255.1300000,2341740
20200117,170000,255.0900000,255.3500000,254.8000000,254.9700000,2079570
20200117,180000,255.0000000,255.5900000,254.8000000,255.2000000,2483460
20200117,190000,255.1900000,255.8700000,254.8400000,255.3900000,8701310
20200120,110000,255.6500000,256.1000000,254.1900000,254.7600000,4535540
20200120,120000,254.8000000,256.0300000,254.7600000,255.5600000,4518310
20200120,130000,255.5900000,255.6600000,254.4400000,254.7300000,4554450
20200120,140000,254.7300000,255.0500000,253.8900000,253.9700000,3627290
20200120,150000,253.9700000,254.5900000,253.7300000,254.5900000,1835260
20200120,160000,254.5700000,254.5900000,254.1000000,254.3800000,1043660
20200120,170000,254.3800000,254.4500000,253.7500000,254.0100000,1795470
20200120,180000,254.0100000,254.0500000,253.2600000,253.4000000,2591280
20200120,190000,253.3900000,254.0900000,253.0100000,253.5000000,5456210
20200121,110000,253.3700000,253.4000000,252.0000000,252.2800000,4086370
20200121,120000,252.2500000,252.2500000,251.4400000,252.0900000,3972710
20200121,130000,252.0900000,252.4800000,251.1900000,251.2400000,3968250
20200121,140000,251.2400000,251.7200000,251.0100000,251.2500000,2216810
20200121,150000,251.2200000,251.5400000,250.9400000,251.2100000,1884240
20200121,160000,251.2100000,251.7700000,251.1500000,251.6300000,2357020
20200121,170000,251.6100000,251.9000000,250.8800000,251.3700000,2180690
20200121,180000,251.3400000,252.8300000,251.3400000,252.8000000,3537090
20200121,190000,252.7500000,252.9900000,252.1600000,252.9900000,2670430
20200122,110000,252.8100000,253.3900000,251.5300000,251.6300000,3456780
20200122,120000,251.7000000,252.2900000,251.2500000,251.4400000,2599230
20200122,130000,251.3700000,251.8400000,250.3800000,250.4900000,4747770
20200122,140000,250.4900000,251.1000000,250.0600000,250.5800000,2420640
20200122,150000,250.5800000,250.6600000,250.0300000,250.3400000,3383570
20200122,160000,250.3200000,250.6000000,250.0800000,250.2300000,3135170
20200122,170000,250.2000000,250.4100000,249.4000000,249.6000000,4200640
20200122,180000,249.6200000,250.3400000,249.2500000,249.3600000,5605160
20200122,190000,249.4000000,249.4100000,248.1000000,248.1000000,9276300
20200123,110000,246.9000000,247.6600000,245.0000000,246.8400000,8073310
20200123,120000,246.8200000,247.2300000,245.1000000,245.8400000,10251470
20200123,130000,245.8300000,246.0300000,245.0000000,245.0600000,8373050
20200123,140000,245.0700000,245.3500000,243.5700000,244.1500000,9519670
20200123,150000,244.1500000,245.1500000,243.6200000,244.3700000,5299620
20200123,160000,244.3300000,244.8900000,243.8500000,244.0600000,2949880
20200123,170000,244.0600000,244.3400000,242.5200000,242.6200000,5478200
20200123,180000,242.6100000,242.6500000,240.1600000,240.4300000,10612710
20200123,190000,240.5200000,240.5600000,239.0100000,239.3000000,13096750
20200124,110000,240.1200000,243.2500000,240.1200000,241.0600000,10443300
20200124,120000,241.1100000,241.9300000,240.5100000,241.1200000,5897120
20200124,130000,241.1700000,241.2800000,240.5200000,240.6400000,3228140
20200124,140000,240.6800000,240.6800000,235.2800000,236.1000000,14049260
20200124,150000,236.1000000,241.9600000,236.0100000,241.1100000,12676480
20200124,160000,241.1900000,242.3700000,239.2200000,239.5000000,8585990
20200124,170000,239.5000000,241.5400000,238.8700000,239.9700000,3986460
20200124,180000,239.9700000,240.0400000,237.3000000,239.0000000,5190360
20200124,190000,239.0000000,239.4000000,237.6000000,237.9500000,4936930
20200127,110000,235.0100000,235.4000000,232.1500000,233.8100000,14370250
20200127,120000,233.8800000,235.1100000,233.7300000,233.9500000,9153670
20200127,130000,233.9400000,234.1000000,232.2000000,232.2000000,7240160
20200127,140000,232.2100000,232.3000000,230.1500000,230.7200000,16959490
20200127,150000,230.7200000,231.6900000,229.8200000,231.6000000,16751500
20200127,160000,231.6000000,231.7400000,230.5800000,230.9800000,5945820
20200127,170000,230.9300000,231.0000000,229.9000000,230.2400000,8550750
20200127,180000,230.2400000,230.9500000,229.6500000,230.7900000,16891870
20200127,190000,230.7900000,232.3100000,230.2700000,230.9600000,9084710
20200128,110000,232.6100000,233.6000000,231.3500000,233.0200000,10026570
20200128,120000,233.0200000,233.0400000,230.2300000,230.6300000,8242840
20200128,130000,230.6100000,232.6100000,229.0000000,231.8400000,12763860
20200128,140000,231.8300000,234.9000000,231.4300000,233.8000000,12233860
20200128,150000,233.8000000,234.6800000,232.6200000,234.6800000,5260560
20200128,160000,234.6400000,237.5900000,234.5000000,236.9600000,15133860
20200128,170000,236.9600000,237.2000000,234.8000000,235.0000000,6983740
20200128,180000,234.9900000,235.7500000,233.5000000,234.1500000,8439240
20200128,190000,234.1800000,235.4900000,234.0000000,235.0000000,6321360
20200129,110000,236.9000000,236.9300000,235.0600000,236.4600000,7328950
20200129,120000,236.4700000,237.3600000,235.4000000,235.9700000,6400390
20200129,130000,235.9700000,236.0300000,235.0000000,235.3400000,5561050
20200129,140000,235.3700000,236.6400000,235.1700000,236.0200000,3830340
20200129,150000,236.0200000,236.2000000,235.1000000,235.2000000,2959910
20200129,160000,235.2100000,235.2400000,233.3100000,233.5700000,6591850
20200129,170000,233.6100000,233.9800000,232.1100000,232.9600000,8351870
20200129,180000,232.9800000,233.0800000,231.9300000,231.9600000,5616670
20200129,190000,231.9600000,232.7300000,231.3000000,232.0000000,5948570
20200130,110000,230.7000000,231.3800000,229.4500000,230.3900000,7452700
20200130,120000,230.3800000,231.4300000,229.7100000,230.9200000,4376080
20200130,130000,230.9100000,231.3700000,230.4300000,231.3600000,3038020
20200130,140000,231.3300000,231.3500000,229.8800000,230.7300000,4312530
20200130,150000,230.7800000,230.8600000,230.1600000,230.4800000,3877870
20200130,160000,230.4800000,231.3800000,230.4000000,230.8900000,2698060
20200130,170000,230.8600000,232.4800000,230.8500000,231.6300000,4391580
20200130,180000,231.5500000,232.4900000,230.5000000,231.7600000,6356270
20200130,190000,231.7600000,232.4200000,231.5000000,231.5300000,4948450
20200131,110000,232.5300000,233.7900000,231.5500000,231.8000000,5490480
20200131,120000,231.8000000,232.0800000,230.6000000,231.0000000,5233450
20200131,130000,230.9500000,231.3500000,229.3000000,230.0500000,13476680
20200131,140000,230.0500000,230.1700000,227.5500000,228.5700000,14882750
20200131,150000,228.5800000,229.0700000,226.8000000,227.1200000,7997690
20200131,160000,227.1200000,228.4300000,226.9000000,227.0700000,5581410
20200131,170000,227.1000000,227.9500000,226.9000000,227.7500000,3250260
20200131,180000,227.7500000,228.3400000,227.1200000,227.6000000,4946620
20200131,190000,227.6000000,227.7400000,226.5700000,226.7000000,9405580
20200203,110000,223.8100000,226.8700000,223.8000000,225.3700000,9485820
20200203,120000,225.4000000,226.6100000,225.0700000,226.1000000,5525040
20200203,130000,226.0900000,227.5900000,225.8100000,226.2700000,4697890
20200203,140000,226.2400000,227.4200000,226.0500000,226.4900000,2550510
20200203,150000,226.4500000,227.2300000,226.3000000,226.7400000,3509850
20200203,160000,226.7400000,226.8000000,226.1200000,226.8000000,3676030
20200203,170000,226.8000000,229.9800000,226.5000000,227.8100000,10375870
20200203,180000,227.8100000,229.3300000,227.4200000,228.8900000,5856410
20200203,190000,228.9400000,229.5900000,227.6400000,227.6400000,7895520
20200204,110000,228.4700000,229.2900000,227.0100000,227.2400000,5844130
20200204,120000,227.2400000,228.3000000,226.6500000,228.2900000,3796980
20200204,130000,228.2800000,228.5200000,227.4200000,227.7500000,3878970
20200204,140000,227.7700000,228.9000000,227.5800000,228.8600000,5878410
20200204,150000,228.8900000,229.3000000,228.5900000,228.7300000,4415350
20200204,160000,228.7400000,229.9000000,228.5000000,229.7900000,4765920
20200204,170000,229.7900000,231.0800000,229.6500000,230.4700000,6807730
20200204,180000,230.4500000,230.4800000,229.5800000,230.0400000,4019920
20200204,190000,230.0300000,230.8000000,229.9000000,230.5000000,5893810
20200205,110000,230.8900000,230.9800000,228.8000000,229.7000000,4220390
20200205,120000,229.7000000,235.1800000,229.4700000,233.4300000,15250610
20200205,130000,233.4500000,234.9900000,233.2500000,234.1500000,11545050
20200205,140000,234.1500000,234.8100000,233.8000000,234.5100000,4255650
20200205,150000,234.5700000,235.7300000,234.0300000,234.5400000,6770100
20200205,160000,234.4700000,234.9200000,234.0300000,234.3300000,2288940
20200205,170000,234.3100000,234.6600000,233.0200000,234.0100000,6821250
20200205,180000,234.0400000,234.7700000,233.5300000,234.5000000,4279130
20200205,190000,234.4900000,234.6800000,232.5600000,232.5600000,6254410
20200206,110000,234.0400000,236.0000000,233.7700000,234.8500000,5942100
20200206,120000,234.8500000,235.4400000,233.4000000,234.6600000,6029740
20200206,130000,234.6100000,234.6500000,232.7700000,233.1800000,4968710
20200206,140000,233.1600000,233.3100000,231.4100000,231.5400000,4923000
20200206,150000,231.5700000,231.9200000,231.0700000,231.7400000,4579230
20200206,160000,231.7200000,232.6000000,230.5700000,231.2600000,3718250
20200206,170000,231.2600000,231.3400000,230.3800000,230.6100000,2229340
20200206,180000,230.5500000,231.5000000,230.1500000,231.4800000,4181760
20200206,190000,231.4800000,231.9800000,230.6400000,231.3800000,5989340
20200207,110000,232.3800000,233.3900000,230.3900000,231.7300000,6517720
20200207,120000,231.6600000,232.2900000,229.5400000,229.5700000,5760320
20200207,130000,229.6000000,230.6000000,229.1500000,230.0300000,7413550
20200207,140000,230.0900000,230.2500000,227.4000000,227.4300000,9335830
20200207,150000,227.4300000,228.5600000,227.1400000,227.8500000,3168930
20200207,160000,227.8300000,228.3300000,227.6000000,227.8800000,2339970
20200207,170000,227.8800000,229.2900000,227.4900000,228.1300000,3693760
20200207,180000,228.1200000,229.0500000,227.8300000,228.2700000,5816820
20200207,190000,228.2600000,229.1500000,228.0100000,229.1100000,5603000
20200210,110000,228.5800000,229.7500000,226.8100000,228.7100000,6391680
20200210,120000,228.7100000,228.7500000,225.7100000,226.6100000,11362560
20200210,130000,226.6400000,227.3400000,225.2600000,225.9800000,6154980
20200210,140000,225.9600000,226.2600000,225.2500000,225.5000000,5242000
20200210,150000,225.5000000,226.3000000,225.1000000,225.5900000,3561120
20200210,160000,225.6500000,226.1500000,225.3500000,225.5800000,1375110
20200210,170000,225.5800000,225.8200000,224.5600000,224.7400000,5840840
20200210,180000,224.7000000,225.9500000,224.4100000,225.5500000,5047050
20200210,190000,225.5500000,226.0000000,225.2000000,225.2000000,5491230
20200211,110000,226.5600000,228.2500000,226.0100000,227.4000000,8253280
20200211,120000,227.3400000,227.3700000,226.1800000,227.0300000,7480430
20200211,130000,227.0600000,228.6300000,226.8000000,228.0700000,5663280
20200211,140000,228.0800000,228.3900000,227.5600000,228.1500000,1744360
20200211,150000,228.1300000,229.1700000,228.0500000,228.8500000,4842750
20200211,160000,228.8200000,229.8000000,228.5800000,228.8300000,6304420
20200211,170000,228.8400000,229.2000000,228.0000000,228.2300000,4423470
20200211,180000,228.2300000,236.1800000,228.0400000,233.6700000,42397290
20200211,190000,233.6700000,235.7600000,233.6400000,233.9000000,14438560
20200212,110000,235.2000000,238.9000000,234.5600000,238.4000000,24131890
20200212,120000,238.4000000,239.7400000,237.1800000,238.8900000,13231520
20200212,130000,238.8900000,239.8000000,238.6200000,239.1200000,11467650
20200212,140000,239.1300000,239.4700000,238.3600000,238.8400000,6529880
20200212,150000,238.8400000,238.9400000,237.6000000,237.7300000,3981750
20200212,160000,237.8000000,238.0800000,236.7000000,237.5700000,5254990
20200212,170000,237.5700000,237.9900000,236.1300000,236.8800000,6553930
20200212,180000,236.8500000,237.6500000,236.2600000,236.7300000,4339570
20200212,190000,236.7300000,238.4500000,236.5800000,238.0300000,7647140
20200213,110000,236.9000000,237.9800000,236.0100000,236.4800000,6649430
20200213,120000,236.4800000,237.2000000,235.0000000,235.9300000,6918550
20200213,130000,235.8900000,236.1000000,234.0100000,234.5000000,7031140
20200213,140000,234.5000000,235.6500000,233.7000000,235.4000000,4872410
20200213,150000,235.4900000,235.5000000,234.3700000,235.1800000,1804730
20200213,160000,235.1800000,235.3700000,234.2700000,234.5400000,2195390
20200213,170000,234.5400000,235.3400000,234.0100000,234.9300000,2556320
20200213,180000,234.9800000,235.5200000,234.1400000,234.2600000,4301480
20200213,190000,234.2600000,234.4900000,233.5500000,233.5500000,5620150
20200214,110000,233.7900000,235.4000000,233.6000000,234.6200000,4431390
20200214,120000,234.6000000,234.6200000,231.8000000,232.0000000,8448890
20200214,130000,232.0000000,232.2800000,230.9100000,231.5500000,5083480
20200214,140000,231.6400000,233.6000000,231.4400000,232.9500000,4819850
20200214,150000,232.9400000,233.2200000,231.9200000,232.1200000,2738370
20200214,160000,232.1100000,233.2100000,232.0000000,232.9300000,1550220
20200214,170000,232.9200000,233.4500000,231.9900000,232.2900000,1857660
20200214,180000,232.2500000,232.8200000,231.4600000,231.4600000,2449670
20200214,190000,231.4800000,232.9000000,231.4000000,232.5000000,2959850
20200217,110000,233.4000000,234.5600000,233.2700000,233.8100000,3638450
20200217,120000,233.9000000,233.9500000,232.2700000,232.4300000,3512320
20200217,130000,232.4900000,233.1900000,231.9100000,233.1900000,1907990
20200217,140000,233.1900000,234.0700000,232.8400000,232.9000000,1666390
20200217,150000,232.9500000,233.1300000,232.5000000,232.6400000,1391750
20200217,160000,232.6400000,233.1800000,232.2600000,233.0200000,2222820
20200217,170000,233.0200000,233.1600000,232.5000000,232.8500000,1293030
20200217,180000,232.8200000,233.6200000,232.6800000,233.5000000,2297390
20200217,190000,233.5200000,233.9200000,233.4000000,233.7500000,2595130
20200218,110000,232.9700000,233.2800000,231.7000000,232.2500000,4349330
20200218,120000,232.2500000,232.3000000,231.7500000,232.1700000,2372090
20200218,130000,232.1600000,232.1700000,231.5000000,231.7000000,2186810
20200218,140000,231.6600000,232.0700000,231.2800000,231.5000000,1743670
20200218,150000,231.4400000,231.7100000,230.5700000,230.7400000,2318360
20200218,160000,230.7500000,231.0000000,230.1000000,230.2800000,4307140
20200218,170000,230.2800000,230.9000000,229.8000000,230.3500000,3878440
20200218,180000,230.3700000,231.7900000,230.3300000,231.4600000,3550310
20200218,190000,231.4700000,231.4900000,230.0000000,230.5000000,6116130
20200219,110000,231.8400000,233.5000000,231.2100000,232.6400000,5359930
20200219,120000,232.6600000,232.9400000,231.8000000,231.9900000,2694600
20200219,130000,231.9900000,232.1800000,231.5000000,231.6700000,2191580
20200219,140000,231.6700000,231.9200000,231.5000000,231.8000000,2135490
20200219,150000,231.8000000,231.9000000,230.7100000,231.4800000,3402570
20200219,160000,231.5400000,232.6500000,231.2800000,231.7000000,2316070
20200219,170000,231.7000000,232.0700000,231.0100000,232.0000000,1700420
20200219,180000,232.0300000,232.4200000,231.5100000,232.2200000,1950520
20200219,190000,232.2100000,232.3100000,231.7600000,231.9000000,2632650
20200220,110000,232.5500000,234.1600000,232.0000000,234.1000000,4688920
20200220,120000,234.1000000,235.5000000,233.8300000,234.7600000,8096830
20200220,130000,234.7600000,234.8000000,234.0200000,234.3900000,1323170
20200220,140000,234.4000000,235.7500000,234.3700000,234.9700000,3784890
20200220,150000,234.9400000,235.3500000,234.6800000,234.9100000,1432700
20200220,160000,234.9700000,235.5000000,234.9000000,235.4500000,2214930
20200220,170000,235.4500000,235.6700000,234.5300000,235.1600000,2772010
20200220,180000,235.1800000,235.4900000,234.4000000,235.1300000,5557180
20200220,190000,235.1300000,235.1900000,234.6000000,234.6000000,3676470
20200221,110000,233.2000000,233.7700000,232.4200000,232.6100000,5839860
20200221,120000,232.6700000,233.6100000,231.6100000,233.3500000,7116680
20200221,130000,233.3900000,233.5500000,232.0800000,232.3400000,2560670
20200221,140000,232.3200000,233.1900000,232.2500000,232.4200000,1809860
20200221,150000,232.4500000,232.6000000,232.0100000,232.2500000,1829190
20200221,160000,232.2100000,233.4500000,232.0500000,233.0200000,2328300
20200221,170000,233.0500000,233.2400000,232.5100000,232.9200000,1087520
20200221,180000,232.9200000,233.1000000,232.2100000,232.7900000,2328600
20200221,190000,232.7800000,232.9700000,232.0000000,232.0000000,4713050
20200225,110000,227.9900000,229.5700000,227.2000000,227.7700000,10180500
20200225,120000,227.7800000,230.0600000,227.1500000,228.4900000,7759870
20200225,130000,228.4900000,228.8400000,227.8800000,227.9100000,2823870
20200225,140000,227.9100000,228.3700000,226.7300000,227.1100000,6625270
20200225,150000,227.1400000,227.4400000,226.1300000,226.7200000,5418650
20200225,160000,226.7200000,227.4000000,226.6000000,227.1200000,2159310
20200225,170000,227.1600000,227.2000000,226.5200000,226.8000000,2438700
20200225,180000,226.7800000,227.1600000,226.0000000,226.4000000,4752780
20200225,190000,226.3300000,226.8900000,224.6800000,224.6800000,9730840
20200226,110000,223.3200000,223.6800000,221.5800000,223.1900000,10406250
20200226,120000,223.2500000,225.0000000,222.7000000,223.3300000,7660370
20200226,130000,223.3600000,223.3600000,220.8100000,222.0500000,8862900
20200226,140000,222.0200000,223.2800000,222.0000000,222.3500000,3209180
20200226,150000,222.3500000,224.3400000,222.2300000,223.8100000,4866270
20200226,160000,223.8000000,224.2500000,223.3700000,224.0300000,3585940
20200226,170000,224.0300000,225.1500000,223.6500000,224.2900000,7102150
20200226,180000,224.2300000,225.4700000,223.5000000,225.0100000,9669600
20200226,190000,225.0300000,225.2000000,224.2500000,224.7600000,8214400
20200227,110000,220.9900000,223.4000000,220.9800000,222.3700000,8268310
20200227,120000,222.3700000,223.0300000,221.7600000,222.4700000,5885580
20200227,130000,222.5000000,223.0300000,221.6500000,221.7000000,3522530
20200227,140000,221.7000000,222.0000000,221.1200000,221.2600000,3949530
20200227,150000,221.2500000,221.5900000,220.1400000,220.3600000,7586990
20200227,160000,220.3000000,221.1000000,217.7000000,218.0000000,13319770
20200227,170000,218.0000000,218.8800000,216.8500000,217.9700000,13585870
20200227,180000,217.9700000,218.9000000,216.8000000,218.5500000,12525570
20200227,190000,218.5400000,218.9700000,216.8100000,217.5000000,13966430
20200228,110000,210.0000000,211.9700000,202.3700000,205.7500000,47264310
20200228,120000,205.6300000,209.6700000,204.1000000,206.8600000,21609380
20200228,130000,206.8600000,207.3500000,201.2300000,204.1700000,18300440
20200228,140000,204.0900000,206.6300000,203.7000000,206.2700000,11569490
20200228,150000,206.2700000,208.0700000,205.6500000,206.8500000,9758170
20200228,160000,206.8000000,209.2000000,205.5000000,208.4800000,10041700
20200228,170000,208.5900000,208.6500000,205.4100000,206.2800000,7612130
20200228,180000,206.2000000,206.4000000,202.5000000,203.1400000,15581490
20200228,190000,203.1400000,203.1500000,200.5700000,202.6500000,27140780
20200302,110000,207.9900000,210.9500000,206.1500000,210.5000000,19642110
20200302,120000,210.4200000,211.9900000,209.0500000,209.1500000,12007500
20200302,130000,209.1400000,209.7000000,207.0000000,208.0700000,10002700
20200302,140000,208.0900000,209.0000000,206.7200000,206.8000000,6303080
20200302,150000,206.7700000,206.9600000,201.3700000,201.8100000,13153730
20200302,160000,201.8700000,202.4600000,195.5100000,199.7900000,39918730
20200302,170000,199.7900000,200.6900000,196.6000000,200.3400000,15099440
20200302,180000,200.4100000,204.0000000,199.0000000,200.2500000,18226670
20200302,190000,200.2100000,200.4900000,197.3800000,198.7800000,17059700
20200303,110000,204.7800000,205.2700000,200.8300000,203.2600000,13416330
20200303,120000,203.2100000,205.0900000,202.0200000,202.9700000,14084730
20200303,130000,202.9000000,202.9300000,201.0900000,202.7600000,7268900
20200303,140000,202.7700000,202.7900000,201.1000000,202.3100000,6712050
20200303,150000,202.3300000,202.7800000,200.2500000,201.2700000,8219640
20200303,160000,201.2200000,204.0000000,201.0800000,201.9700000,7879700
20200303,170000,201.9600000,202.3500000,200.0000000,201.6600000,7953600
20200303,180000,201.5800000,201.9300000,198.0000000,198.5100000,15691890
20200303,190000,198.4800000,203.4400000,198.0800000,201.4800000,22973130
20200304,110000,199.9000000,200.6600000,198.2800000,200.1500000,9712800
20200304,120000,200.1300000,201.1100000,199.2000000,200.7300000,9164970
20200304,130000,200.8000000,203.2500000,200.5600000,202.4000000,8892420
20200304,140000,202.3700000,204.4200000,201.7800000,203.3300000,8299730
20200304,150000,203.3200000,203.6000000,202.1900000,202.9900000,4533390
20200304,160000,203.0000000,203.9800000,202.5300000,202.6700000,4127910
20200304,170000,202.6700000,203.1800000,201.7000000,202.3500000,7035210
20200304,180000,202.3500000,203.2000000,200.1000000,200.6700000,11791170
20200304,190000,200.6700000,201.4300000,199.7500000,200.0000000,15064310
20200305,110000,203.0000000,203.4300000,201.6600000,202.0000000,7682620
20200305,120000,202.0500000,202.3700000,200.1700000,201.0000000,8347770
20200305,130000,201.0200000,201.1800000,199.7900000,199.9900000,9364180
20200305,140000,199.9400000,200.1700000,198.6500000,199.3400000,7259220
20200305,150000,199.3200000,200.7400000,198.7700000,199.2100000,7278080
20200305,160000,199.1400000,200.2500000,199.0500000,199.2600000,4170890
20200305,170000,199.3000000,199.6000000,197.5000000,197.8300000,6784140
20200305,180000,197.8800000,199.3000000,197.6300000,198.2400000,7263430
20200305,190000,198.2200000,199.2000000,198.0000000,198.0000000,7609990
20200306,110000,193.4900000,194.2300000,190.4000000,191.8000000,22035220
20200306,120000,191.7900000,192.1000000,188.0100000,189.8800000,26348180
20200306,130000,189.8800000,190.3900000,188.1500000,189.1800000,8881140
20200306,140000,189.2300000,190.6900000,187.8000000,188.8700000,11344410
20200306,150000,188.8700000,189.2200000,185.3500000,185.4500000,16967540
20200306,160000,185.4200000,187.7500000,185.1300000,187.0600000,9786670
20200306,170000,187.0100000,188.9000000,186.1400000,188.6500000,9766960
20200306,180000,188.6800000,190.2700000,187.0100000,187.2200000,11198980
20200306,190000,187.2300000,188.8700000,186.0100000,188.2700000,15091750
20200310,110000,169.4500000,173.0000000,161.0100000,171.4900000,45281340
20200310,120000,171.4400000,172.1000000,168.6900000,171.1900000,23539690
20200310,130000,171.1100000,178.8900000,170.7000000,177.7800000,19406900
20200310,140000,177.7100000,185.4400000,176.4500000,183.2400000,25857400
20200310,150000,183.2100000,185.8400000,178.0000000,183.9600000,22007650
20200310,160000,183.9000000,184.3700000,178.7400000,180.9100000,15029550
20200310,170000,180.8600000,181.4100000,178.1200000,179.6100000,12606440
20200310,180000,179.6000000,181.9900000,173.5000000,173.8500000,19478090
20200310,190000,173.8100000,174.4700000,170.3000000,171.0000000,20038500
20200311,110000,173.9800000,175.8700000,170.0000000,171.7600000,26926870
20200311,120000,171.7800000,173.7000000,167.3900000,173.0800000,19101210
20200311,130000,173.0300000,173.1800000,170.1100000,171.3200000,6456470
20200311,140000,171.3700000,174.1600000,169.9100000,172.0000000,7825610
20200311,150000,172.0000000,172.7000000,171.0600000,172.0000000,5479400
20200311,160000,171.9000000,172.5500000,169.0000000,169.0100000,11309910
20200311,170000,169.0000000,172.4400000,169.0000000,171.9100000,8713610
20200311,180000,171.9400000,174.1500000,171.5700000,173.3900000,10884980
20200311,190000,173.3000000,173.3900000,172.0300000,172.0300000,11673700
20200312,110000,163.4000000,167.5500000,163.0500000,165.0000000,26462900
20200312,120000,164.9100000,167.8000000,164.8900000,165.9000000,15305140
20200312,130000,165.8600000,166.5500000,164.2500000,164.9500000,11829620
20200312,140000,164.9000000,165.3300000,161.8700000,162.5400000,15357100
20200312,150000,162.5100000,165.2700000,161.2000000,164.6800000,12124970
20200312,160000,164.6900000,167.6000000,163.1100000,165.7100000,17957990
20200312,170000,165.7200000,166.4900000,161.6400000,165.7400000,17246320
20200312,180000,165.7300000,167.5000000,164.5200000,167.0300000,14528340
20200312,190000,166.9400000,167.1000000,163.4500000,163.7300000,19944230
20200313,110000,164.0800000,173.9000000,164.0200000,172.2500000,28049140
20200313,120000,172.3000000,173.8700000,167.4000000,168.4300000,23511850
20200313,130000,168.3800000,170.6800000,167.9400000,169.7900000,9833520
20200313,140000,169.7900000,171.8000000,169.2500000,171.1400000,9703850
20200313,150000,171.0900000,174.7800000,171.0900000,174.7000000,12442500
20200313,160000,174.7400000,175.6900000,172.2000000,172.5300000,12453010
20200313,170000,172.5600000,172.7000000,168.2200000,170.3500000,19043530
20200313,180000,170.3500000,171.4300000,169.0000000,169.0300000,12793910
20200313,190000,169.0000000,169.5700000,166.1000000,166.1000000,15002010
20200316,110000,163.5600000,163.9800000,158.1700000,162.7000000,21895040
20200316,120000,162.7300000,164.7600000,160.8900000,162.8400000,16423770
20200316,130000,162.7900000,164.5000000,161.5000000,163.5100000,12507120
20200316,140000,163.5800000,164.6800000,162.7500000,164.1100000,10174340
20200316,150000,164.1200000,164.2300000,162.2800000,162.3600000,7130130
20200316,160000,162.3500000,163.6000000,162.3400000,162.7100000,6574450
20200316,170000,162.7600000,164.4700000,161.5000000,163.8500000,10879330
20200316,180000,163.8200000,169.9900000,162.6100000,169.3100000,16493300
20200316,190000,169.3700000,169.9500000,167.6200000,168.0700000,13564500
20200317,110000,168.9600000,175.5000000,168.6900000,172.8400000,20539000
20200317,120000,172.7800000,173.6700000,165.0100000,167.0900000,20421940
20200317,130000,167.1700000,169.9000000,164.5600000,165.5100000,11341390
20200317,140000,165.5300000,169.0000000,165.0900000,168.5300000,6937760
20200317,150000,168.5900000,169.4900000,165.2000000,165.2400000,8548380
20200317,160000,165.3500000,167.4100000,165.1500000,166.8600000,6432090
20200317,170000,166.8000000,167.8100000,165.0100000,165.5800000,10004640
20200317,180000,165.5400000,169.3000000,165.0000000,168.9300000,12621480
20200317,190000,168.8900000,169.7000000,167.0000000,167.0000000,11194860
20200318,110000,164.9000000,166.7000000,163.0000000,165.2500000,8765590
20200318,120000,165.2900000,167.7800000,165.0000000,166.7200000,10620870
20200318,130000,166.7200000,167.4800000,164.2900000,164.8200000,10330760
20200318,140000,164.7700000,166.0000000,164.2100000,164.4500000,7023220
20200318,150000,164.4100000,165.1900000,163.5000000,163.6100000,8841660
20200318,160000,163.7000000,164.4100000,162.8100000,163.7200000,9397630
20200318,170000,163.7400000,168.1800000,162.0000000,167.7300000,18448440
20200318,180000,167.7900000,170.4500000,167.7000000,167.7100000,19103220
20200318,190000,167.7000000,168.3000000,165.5500000,166.3400000,13419270
20200319,110000,168.7700000,171.0500000,164.0500000,167.7700000,16934210
20200319,120000,167.7800000,175.2000000,167.5400000,174.1700000,28506670
20200319,130000,174.2400000,174.6700000,171.1000000,172.5700000,15995330
20200319,140000,172.5100000,174.4900000,172.5000000,172.9800000,9692620
20200319,150000,172.9800000,173.5000000,171.2400000,172.1400000,8020920
20200319,160000,172.1400000,174.4700000,171.0000000,174.1900000,13040220
20200319,170000,174.2000000,174.9000000,171.2700000,173.0000000,9341330
20200319,180000,172.9900000,174.2000000,171.0600000,172.9700000,10898670
20200319,190000,172.9100000,174.9000000,172.5100000,174.5600000,9540260
20200320,110000,179.9800000,183.9600000,177.5300000,180.6700000,25519940
20200320,120000,180.7700000,182.1800000,179.0000000,181.2000000,15675480
20200320,130000,181.1500000,183.5000000,180.6300000,183.0600000,13564580
20200320,140000,183.0600000,184.6900000,182.0000000,182.1200000,13618980
20200320,150000,182.0500000,183.0000000,181.5000000,182.4300000,10126530
20200320,160000,182.4300000,183.6500000,180.1300000,181.0600000,9035210
20200320,170000,181.0300000,182.9500000,178.5000000,178.9800000,13745110
20200320,180000,178.9400000,180.9100000,178.3300000,180.0400000,9037540
20200320,190000,180.0700000,180.3600000,176.1000000,176.2600000,29275100
20200323,110000,171.0300000,171.9900000,169.0000000,170.2400000,17921470
20200323,120000,170.2500000,170.6600000,168.0400000,169.5400000,11209150
20200323,130000,169.5200000,170.5000000,168.9000000,169.6200000,15328850
20200323,140000,169.6400000,170.2500000,169.0300000,170.1400000,7108290
20200323,150000,170.1400000,170.1600000,169.3100000,169.9900000,4662470
20200323,160000,169.9900000,171.6200000,169.2500000,171.2600000,19272930
20200323,170000,171.2400000,172.2800000,169.6000000,170.4000000,13378570
20200323,180000,170.4000000,170.7300000,169.2000000,169.6200000,9866650
20200323,190000,169.5900000,169.9800000,168.1700000,168.3500000,10220910
20200324,110000,174.3600000,175.9700000,172.6100000,173.4700000,18064050
20200324,120000,173.3900000,175.6000000,173.1900000,175.5000000,14319030
20200324,130000,175.4900000,176.7100000,174.6800000,174.9600000,8267360
20200324,140000,174.9000000,176.2500000,174.5100000,174.9700000,4345980
20200324,150000,174.9700000,176.2200000,174.5700000,175.9800000,4409980
20200324,160000,175.9900000,177.7000000,175.8000000,176.8600000,8261950
20200324,170000,176.8800000,178.7800000,176.2300000,177.1800000,9070170
20200324,180000,177.1600000,179.9300000,176.8200000,179.3800000,10055200
20200324,190000,179.3800000,179.9900000,177.6100000,177.9500000,12452850
20200325,110000,182.8000000,182.8000000,180.6100000,182.1600000,14599570
20200325,120000,182.2200000,182.5800000,180.7000000,181.6600000,11697230
20200325,130000,181.7400000,186.9000000,181.4100000,183.5000000,20051050
20200325,140000,183.5000000,183.5200000,175.2600000,177.1700000,22593310
20200325,150000,177.1400000,180.7700000,176.9600000,180.1700000,9870830
20200325,160000,180.2700000,180.4700000,178.7000000,179.7500000,3335730
20200325,170000,179.8000000,182.4300000,177.2200000,177.7700000,11773180
20200325,180000,177.7600000,179.4900000,176.7500000,179.4600000,11330520
20200325,190000,179.4700000,181.3600000,178.6100000,180.2000000,9174400
20200326,110000,179.4500000,179.4500000,177.2800000,178.3700000,7526420
20200326,120000,178.3700000,181.2500000,177.8900000,180.9700000,7374260
20200326,130000,180.9800000,181.3400000,178.5300000,179.1800000,4303130
20200326,140000,179.1500000,180.3000000,178.4900000,179.4900000,2685710
20200326,150000,179.4900000,180.6600000,178.9300000,179.2600000,4419300
20200326,160000,179.2600000,180.4000000,178.1800000,180.0800000,4190010
20200326,170000,180.1000000,182.9100000,179.6200000,182.5300000,7939430
20200326,180000,182.6100000,184.9000000,181.3600000,182.2000000,8677560
20200326,190000,182.3600000,182.7600000,181.4500000,181.5000000,6768610
20200327,110000,181.2000000,181.3700000,178.3500000,179.1400000,8708520
20200327,120000,179.0600000,179.4100000,177.2000000,177.9400000,7250420
20200327,130000,177.9600000,178.7500000,176.5500000,176.8900000,4509750
20200327,140000,176.9000000,177.7300000,176.3400000,176.8600000,2399080
20200327,150000,176.8900000,177.9600000,175.8800000,176.1300000,4372530
20200327,160000,176.0700000,176.3900000,175.3600000,175.4300000,4506820
20200327,170000,175.4000000,175.5500000,172.0000000,172.7200000,10588420
20200327,180000,172.7200000,175.0500000,172.3100000,174.7000000,5517310
20200327,190000,174.7000000,175.8300000,174.1000000,174.5000000,7712900
20200330,110000,171.9900000,174.0600000,170.5000000,172.8200000,12830870
20200330,120000,172.7600000,175.7300000,172.6200000,174.3200000,7331850
20200330,130000,174.3000000,175.2500000,173.6000000,174.4800000,3447200
20200330,140000,174.5100000,176.3000000,174.4700000,175.6200000,3227110
20200330,150000,175.5400000,175.6200000,174.3500000,174.5800000,3025440
20200330,160000,174.5800000,176.4400000,174.0500000,176.3100000,3903710
20200330,170000,176.3700000,177.6300000,175.8000000,176.5400000,5369620
20200330,180000,176.5400000,177.3000000,176.0100000,176.2400000,3732810
20200330,190000,176.1900000,177.0000000,175.5100000,176.4400000,4927030
20200331,110000,178.5000000,181.1000000,178.2000000,180.4500000,12498490
20200331,120000,180.4500000,183.3000000,180.4000000,182.9000000,9725860
20200331,130000,182.9000000,184.6400000,182.5200000,183.1700000,7679050
20200331,140000,183.1700000,183.2800000,180.7600000,182.1500000,5357310
20200331,150000,182.1500000,182.3800000,178.0100000,179.9900000,7029690
20200331,160000,179.9900000,180.7900000,178.8100000,180.7800000,5118480
20200331,170000,180.7000000,181.4700000,178.9600000,179.1300000,4211500
20200331,180000,179.1600000,182.5000000,179.0700000,181.9600000,6568600
20200331,190000,182.0000000,182.5000000,181.1200000,181.4100000,11519870
20200401,110000,178.0500000,180.3500000,177.5000000,180.2000000,8155250
20200401,120000,180.2600000,180.9800000,179.5900000,180.5500000,3959880
20200401,130000,180.4700000,180.9900000,179.8000000,180.5200000,4080520
20200401,140000,180.5500000,180.9300000,180.0800000,180.7200000,2135230
20200401,150000,180.6500000,180.9700000,180.1200000,180.7300000,2822800
20200401,160000,180.7600000,181.3800000,180.4000000,180.5800000,2928980
20200401,170000,180.5500000,180.7800000,178.5300000,178.6600000,7137870
20200401,180000,178.6700000,179.8500000,178.4000000,179.3500000,3891560
20200401,190000,179.3000000,180.3300000,179.1500000,180.0600000,5244410
20200402,110000,183.8000000,184.7800000,181.1200000,181.6800000,12947300
20200402,120000,181.7400000,182.9200000,181.6100000,182.3000000,5613580
20200402,130000,182.3100000,183.3900000,181.9000000,183.0900000,4013370
20200402,140000,183.0400000,183.7500000,182.5300000,183.1000000,4660000
20200402,150000,183.1000000,183.4500000,182.5000000,183.4500000,2940100
20200402,160000,183.4400000,183.6200000,181.5400000,181.7300000,4451730
20200402,170000,181.7400000,182.4900000,180.3000000,180.3900000,6812750
20200402,180000,180.4500000,187.0000000,180.2500000,186.3300000,24849510
20200402,190000,186.5100000,190.0000000,184.0100000,187.0400000,21397320
20200403,110000,187.0300000,190.9000000,185.7200000,189.6900000,17100490
20200403,120000,189.6700000,191.3000000,188.0000000,190.6000000,12894290
20200403,130000,190.6000000,192.9500000,190.0400000,191.9500000,11681840
20200403,140000,191.9000000,191.9600000,190.1600000,190.3000000,6103820
20200403,150000,190.3000000,192.1600000,189.6900000,191.9700000,5703720
20200403,160000,191.9800000,193.7800000,191.5300000,193.1700000,9772320
20200403,170000,193.1800000,193.8500000,190.5500000,190.8500000,7954730
20200403,180000,190.8300000,193.7500000,189.5500000,190.1500000,13927480
20200403,190000,190.1200000,190.3000000,189.4000000,189.7700000,7153750
20200406,110000,192.2500000,193.4400000,189.8000000,191.2600000,14657110
20200406,120000,191.2500000,191.2500000,189.4400000,190.2500000,10136830
20200406,130000,190.2500000,191.6000000,189.8900000,190.9900000,5351160
20200406,140000,190.9400000,191.2400000,190.1400000,190.9200000,3601180
20200406,150000,190.9300000,190.9500000,190.1100000,190.3400000,3671150
20200406,160000,190.3200000,191.2900000,189.9000000,190.3700000,4872550
20200406,170000,190.3600000,190.8600000,190.1600000,190.8100000,4614130
20200406,180000,190.8100000,191.8700000,190.2600000,190.4800000,9942160
20200406,190000,190.5200000,191.1800000,190.1000000,191.1000000,5964390
20200407,110000,192.7200000,193.7200000,192.0900000,192.6900000,14844040
20200407,120000,192.6900000,195.1300000,192.5000000,194.2000000,13762300
20200407,130000,194.2300000,194.4900000,193.7300000,194.0000000,3233490
20200407,140000,193.9900000,194.6200000,193.7500000,194.2500000,2580220
20200407,150000,194.2000000,194.3500000,192.7900000,192.8400000,5264100
20200407,160000,192.8000000,193.5600000,191.1900000,192.3600000,7935880
20200407,170000,192.3500000,193.1100000,191.5900000,192.8400000,3431010
20200407,180000,192.8700000,193.1000000,189.8000000,189.8300000,8000660
20200407,190000,189.8100000,191.2200000,189.8100000,191.2200000,7674860
20200408,110000,189.7500000,191.9300000,188.1000000,191.6500000,10650440
20200408,120000,191.6600000,191.6800000,189.4500000,190.4300000,3547390
20200408,130000,190.4200000,190.4900000,188.6700000,189.1800000,4118290
20200408,140000,189.2300000,190.3500000,189.0500000,189.6600000,2848440
20200408,150000,189.6600000,190.7800000,189.5300000,190.4200000,2895880
20200408,160000,190.4400000,191.8500000,190.2500000,191.4300000,5395620
20200408,170000,191.4300000,192.8900000,191.4200000,191.8800000,4917080
20200408,180000,191.8700000,192.5500000,191.2500000,192.0600000,5075090
20200408,190000,192.0600000,194.1100000,191.6000000,194.1100000,9748030
20200409,110000,195.6900000,196.2600000,194.1000000,194.4400000,12056610
20200409,120000,194.4000000,194.9100000,192.8000000,193.7800000,7792950
20200409,130000,193.7500000,194.3500000,193.5300000,193.7300000,4935760
20200409,140000,193.7000000,194.0000000,193.1200000,193.8000000,4762010
20200409,150000,193.7500000,193.8500000,189.8800000,191.3900000,12542290
20200409,160000,191.3800000,192.8500000,190.5100000,192.8000000,5956670
20200409,170000,192.8000000,192.9000000,191.7100000,192.4600000,6300170
20200409,180000,192.4700000,194.4200000,190.5500000,193.8600000,16301950
20200409,190000,193.9000000,193.9500000,192.0000000,193.8600000,13548080
20200410,110000,191.8600000,191.9800000,190.5100000,191.7200000,5350820
20200410,120000,191.7100000,192.0000000,191.0900000,191.2300000,1939030
20200410,130000,191.1500000,191.5900000,191.0900000,191.1800000,760840
20200410,140000,191.2300000,191.5500000,191.0100000,191.0700000,1192350
20200410,150000,191.0600000,191.6700000,191.0100000,191.5400000,846750
20200410,160000,191.5600000,191.8000000,191.2100000,191.6500000,1398540
20200410,170000,191.6900000,191.7700000,191.2500000,191.5000000,1531840
20200410,180000,191.4000000,191.5000000,191.0700000,191.4000000,1566590
20200410,190000,191.3600000,192.4400000,191.3500000,192.0000000,2355190
20200413,110000,192.2500000,192.3600000,186.5500000,187.3900000,8218530
20200413,120000,187.3000000,188.4700000,186.0700000,188.2800000,6287540
20200413,130000,188.2800000,188.8500000,187.3000000,188.3600000,2525450
20200413,140000,188.3800000,188.9300000,188.0600000,188.3700000,1550010
20200413,150000,188.3800000,188.9800000,188.3100000,188.6600000,1301610
20200413,160000,188.6500000,189.2900000,188.4000000,188.9800000,1376600
20200413,170000,188.9800000,189.0600000,188.5100000,189.0000000,1140480
20200413,180000,188.9900000,189.7400000,188.6200000,188.7500000,2804580
20200413,190000,188.7000000,188.9400000,187.7000000,188.0700000,3263470
20200414,110000,189.5700000,191.7300000,188.8200000,189.7300000,7992100
20200414,120000,189.7900000,190.1300000,188.9200000,188.9800000,2955890
20200414,130000,188.9700000,189.5700000,188.7000000,189.1000000,3092430
20200414,140000,189.0600000,189.6000000,188.9000000,189.3800000,1879570
20200414,150000,189.3800000,189.4900000,188.7500000,189.1200000,1900100
20200414,160000,189.1000000,191.1500000,188.3000000,190.6900000,8555050
20200414,170000,190.6800000,191.7600000,189.5100000,190.7500000,8765570
20200414,180000,190.7500000,191.5700000,189.8100000,189.8900000,6288170
20200414,190000,189.8700000,190.3000000,188.5000000,190.1100000,9175240
20200415,110000,189.1600000,189.4800000,186.6200000,187.2000000,10014380
20200415,120000,187.1700000,187.4100000,186.2300000,186.7400000,5949260
20200415,130000,186.8400000,186.9300000,185.4000000,186.4000000,5033160
20200415,140000,186.4000000,186.8000000,185.1600000,185.4000000,3553380
20200415,150000,185.4000000,186.3000000,184.6000000,184.9900000,4088180
20200415,160000,184.9200000,185.2600000,182.5600000,182.7900000,7288200
20200415,170000,182.7900000,184.9800000,182.7400000,184.5800000,6935260
20200415,180000,184.6300000,184.9800000,183.3600000,184.4100000,5420890
20200415,190000,184.4100000,184.7800000,183.9000000,184.2500000,5401650
20200416,110000,185.1500000,187.3000000,182.7500000,187.1200000,12716150
20200416,120000,187.1400000,189.1600000,186.6500000,187.8600000,9197090
20200416,130000,187.8700000,188.1900000,187.0100000,187.3200000,2880890
20200416,140000,187.3300000,188.6500000,187.0800000,187.3400000,3535250
20200416,150000,187.3400000,187.9000000,186.9000000,187.6600000,2323360
20200416,160000,187.6700000,188.5000000,187.4100000,187.8000000,2640000
20200416,170000,187.8300000,188.3400000,185.0800000,185.1200000,4967330
20200416,180000,185.0900000,186.9000000,185.0100000,185.4600000,7778400
20200416,190000,185.4300000,186.0700000,184.0000000,184.3000000,10299650
20200417,110000,187.0700000,187.8700000,185.7000000,186.0000000,8045570
20200417,120000,185.9700000,186.4000000,183.8100000,183.9900000,5433690
20200417,130000,183.9600000,186.1900000,183.5400000,185.4200000,4456330
20200417,140000,185.5000000,186.1500000,185.0000000,185.6500000,3596190
20200417,150000,185.6000000,185.8900000,185.0300000,185.3000000,2660500
20200417,160000,185.3100000,185.7900000,184.3000000,185.6600000,3333430
20200417,170000,185.7100000,185.9500000,184.8000000,185.4100000,3311320
20200417,180000,185.3800000,185.5000000,184.3200000,184.7300000,3623200
20200417,190000,184.7300000,185.2800000,184.5500000,184.6800000,4248920
20200420,110000,184.1100000,186.2500000,184.0200000,185.5100000,6019030
20200420,120000,185.5100000,185.6600000,184.5000000,184.9200000,2574890
20200420,130000,184.9400000,185.4900000,184.7500000,184.9400000,1970010
20200420,140000,184.9200000,185.1300000,184.5100000,184.9100000,2809420
20200420,150000,184.9000000,184.9600000,183.3000000,183.4600000,4216990
20200420,160000,183.4600000,184.3900000,183.2000000,183.2600000,3658630
20200420,170000,183.2600000,185.0500000,183.0000000,184.8100000,4820030
20200420,180000,184.8100000,184.9000000,184.0100000,184.8600000,3323150
20200420,190000,184.8500000,185.6700000,184.8000000,185.5100000,4852650
20200421,110000,183.1700000,184.5000000,180.9100000,181.6700000,16245070
20200421,120000,181.6700000,183.5700000,180.9400000,183.0700000,7727720
20200421,130000,183.1300000,183.4600000,180.5000000,181.8000000,7265420
20200421,140000,181.7400000,182.8000000,181.3100000,182.3300000,4183290
20200421,150000,182.3200000,182.5400000,181.0000000,181.3000000,4100740
20200421,160000,181.2800000,181.5700000,180.0000000,180.2000000,8147310
20200421,170000,180.2000000,182.1300000,179.0500000,181.6700000,8948390
20200421,180000,181.7200000,182.8000000,180.6800000,182.3400000,5850630
20200421,190000,182.2600000,182.9900000,181.8900000,181.9200000,4378890
20200422,110000,181.0900000,184.2900000,180.3300000,183.4300000,6714510
20200422,120000,183.3600000,185.1700000,182.9700000,185.1500000,5254730
20200422,130000,185.1700000,185.6000000,184.3800000,185.5300000,3530700
20200422,140000,185.5700000,185.9500000,184.1600000,185.0300000,4540120
20200422,150000,185.0300000,185.4000000,184.4300000,185.3000000,1765640
20200422,160000,185.2900000,187.9000000,185.1000000,187.3500000,6725850
20200422,170000,187.4100000,188.1000000,186.7000000,186.9400000,6207290
20200422,180000,186.9100000,187.9500000,186.0000000,187.6900000,5660860
20200422,190000,187.6600000,188.5500000,187.1800000,188.3600000,7844580
20200423,110000,189.9800000,190.7800000,187.6300000,187.7500000,10638100
20200423,120000,187.7500000,189.1000000,187.5000000,187.9000000,4375990
20200423,130000,187.9000000,189.7900000,187.8000000,189.6100000,3906850
20200423,140000,189.6800000,189.8900000,189.0000000,189.5200000,2417900
20200423,150000,189.5300000,189.9800000,188.6000000,188.7500000,1800580
20200423,160000,188.7200000,189.9500000,188.5000000,189.5800000,1528530
20200423,170000,189.5600000,190.6000000,189.0500000,189.5900000,4076330
20200423,180000,189.6200000,191.5900000,189.2700000,190.4000000,6285200
20200423,190000,190.4000000,190.5600000,188.7300000,188.7300000,4768140
20200424,110000,187.9400000,187.9400000,185.9000000,186.3500000,7851400
20200424,120000,186.3600000,186.7400000,185.3000000,185.8100000,5599860
20200424,130000,185.8600000,187.5000000,185.8000000,186.8300000,3712590
20200424,140000,186.8200000,187.4000000,186.4000000,187.1800000,2352450
20200424,150000,187.1800000,187.9500000,186.8000000,187.1300000,2192620
20200424,160000,187.1300000,187.5500000,186.5000000,187.1100000,2080280
20200424,170000,187.1200000,187.3600000,185.6000000,185.7300000,4061140
20200424,180000,185.7100000,186.2400000,185.1000000,185.1000000,4067760
20200424,190000,185.1400000,186.1200000,185.1000000,185.7100000,4767780
20200427,110000,186.5300000,187.3800000,186.1900000,186.9800000,4503150
20200427,120000,186.9800000,188.4700000,186.7100000,187.9800000,3406290
20200427,130000,187.9500000,188.3400000,187.5800000,188.2500000,1398510
20200427,140000,188.3000000,188.3400000,186.9200000,187.2600000,2325420
20200427,150000,187.2400000,187.3900000,186.8200000,186.8800000,950800
20200427,160000,186.8800000,187.0000000,186.1900000,186.6600000,2290230
20200427,170000,186.6600000,186.9800000,185.6900000,186.2400000,2515650
20200427,180000,186.2400000,187.4400000,186.0900000,186.9500000,3065440
20200427,190000,186.9800000,187.2000000,186.2900000,186.2900000,3080600
20200428,110000,185.9300000,187.3500000,185.7600000,187.0700000,3597950
20200428,120000,187.0900000,187.6700000,186.2000000,187.5400000,2904520
20200428,130000,187.5100000,190.0000000,187.2200000,189.3800000,8871000
20200428,140000,189.3900000,189.9800000,188.5900000,189.2500000,5784170
20200428,150000,189.2600000,189.2900000,188.1000000,189.0600000,3082360
20200428,160000,189.1000000,189.7300000,188.7000000,189.6900000,3497420
20200428,170000,189.6800000,190.6500000,188.9000000,188.9400000,6266680
20200428,180000,189.0000000,190.1500000,187.6000000,187.7700000,5260900
20200428,190000,187.7600000,188.6300000,187.5800000,188.5000000,4889560
20200429,110000,189.7800000,191.9600000,188.5300000,191.5700000,11225660
20200429,120000,191.5500000,192.2500000,191.1600000,192.2500000,5177250
20200429,130000,192.1800000,194.3800000,191.8200000,193.7800000,8912190
20200429,140000,193.8000000,193.9200000,192.5500000,192.8100000,3032400
20200429,150000,192.8400000,193.4800000,192.1300000,192.5500000,2272280
20200429,160000,192.5100000,193.7500000,191.5600000,193.6200000,5180330
20200429,170000,193.6100000,195.0000000,193.3200000,194.8600000,6357730
20200429,180000,194.8300000,195.2300000,193.8000000,193.9200000,7582480
20200429,190000,193.9200000,194.2000000,192.6500000,193.8700000,6460880
20200430,110000,195.4400000,196.2000000,193.7500000,194.2200000,17214160
20200430,120000,194.2000000,194.4100000,193.0500000,193.7700000,6526380
20200430,130000,193.7500000,194.5000000,193.1500000,194.0200000,3174080
20200430,140000,194.0200000,194.1400000,191.9500000,192.2000000,5247330
20200430,150000,192.2000000,192.7800000,190.6100000,191.4200000,8243180
20200430,160000,191.3500000,192.3200000,191.0000000,191.3500000,3763050
20200430,170000,191.3500000,191.9400000,190.5000000,191.5200000,8146710
20200430,180000,191.5700000,191.8300000,190.2000000,190.4300000,7536800
20200430,190000,190.4500000,190.8500000,189.6200000,190.0000000,12210280
20200504,110000,188.0000000,188.1700000,184.5200000,185.3900000,16663830
20200504,120000,185.3800000,185.7700000,184.8000000,185.1700000,4724650
20200504,130000,185.1900000,185.9700000,185.0500000,185.8100000,2102510
20200504,140000,185.8100000,186.4400000,185.6000000,185.7200000,2732890
20200504,150000,185.7400000,186.3000000,185.7100000,186.1200000,1671180
20200504,160000,186.0900000,187.1200000,186.0500000,186.4100000,3284150
20200504,170000,186.4100000,187.4700000,186.0500000,187.1400000,3170130
20200504,180000,187.1500000,187.9000000,186.7100000,186.7100000,4162400
20200504,190000,186.7200000,186.8900000,185.7000000,185.7000000,4321590
20200505,110000,188.3900000,189.6900000,188.1100000,188.9100000,10783390
20200505,120000,188.9000000,188.9900000,187.3000000,187.6600000,6264000
20200505,130000,187.6500000,189.4200000,187.5200000,188.9900000,5646400
20200505,140000,189.0000000,189.8000000,188.3000000,188.7100000,2998910
20200505,150000,188.7000000,189.3900000,188.6100000,189.1700000,1329070
20200505,160000,189.1700000,189.3600000,188.5300000,189.1800000,1553110
20200505,170000,189.1600000,189.8500000,188.8500000,189.8000000,3063600
20200505,180000,189.8000000,190.3900000,189.2000000,189.5300000,4829790
20200505,190000,189.5100000,190.2000000,189.5000000,190.0000000,3093850
20200506,110000,190.5300000,190.8500000,188.8500000,188.8500000,6589900
20200506,120000,188.9000000,190.3200000,188.6800000,190.0700000,4777130
20200506,130000,190.0700000,191.0500000,189.8300000,190.8500000,4611110
20200506,140000,190.8500000,190.9100000,189.9100000,190.6400000,3207570
20200506,150000,190.5900000,190.7000000,189.2700000,189.6200000,3017740
20200506,160000,189.6000000,189.8200000,188.0300000,188.5900000,6587920
20200506,170000,188.6000000,189.0700000,187.4200000,187.6100000,6321800
20200506,180000,187.6100000,188.3500000,187.0500000,188.2000000,6650560
20200506,190000,188.2000000,188.2400000,187.0500000,187.0500000,4614150
20200507,110000,187.5200000,188.7300000,187.4800000,188.0200000,5472750
20200507,120000,188.0800000,188.8500000,187.5100000,188.3800000,3649690
20200507,130000,188.3800000,189.5300000,188.3100000,189.4200000,4813110
20200507,140000,189.4100000,189.5000000,188.8300000,189.3300000,2786130
20200507,150000,189.3800000,190.3000000,189.2500000,189.8400000,5687800
20200507,160000,189.8400000,189.9100000,188.2600000,188.4200000,5841420
20200507,170000,188.4400000,188.5000000,186.2900000,187.3200000,20238430
20200507,180000,187.3100000,187.3700000,185.5000000,186.2600000,10828390
20200507,190000,186.2500000,187.0700000,185.8500000,185.8500000,7938410
20200508,110000,186.3400000,186.6400000,183.5400000,183.7800000,16294330
20200508,120000,183.7800000,185.2600000,183.1900000,184.2700000,8616510
20200508,130000,184.4700000,185.1800000,183.1000000,184.2400000,2243840
20200508,140000,184.2400000,184.3900000,183.1200000,183.9600000,5072990
20200508,150000,183.9600000,184.3300000,183.1700000,183.4800000,3772070
20200508,160000,183.5000000,184.4500000,183.3000000,184.2800000,3110450
20200508,170000,184.3200000,184.9400000,184.2000000,184.8000000,5313620
20200508,180000,184.8400000,185.7000000,184.7900000,185.4000000,9522680
20200508,190000,185.4000000,185.7000000,185.2900000,185.3400000,6987990
20200512,110000,184.8800000,186.0000000,183.8400000,184.8500000,9677180
20200512,120000,184.8500000,185.2500000,184.1300000,184.1500000,5517340
20200512,130000,184.1500000,184.5800000,183.2000000,184.2700000,8445260
20200512,140000,184.2500000,184.9500000,184.1200000,184.7200000,3011090
20200512,150000,184.7300000,185.1400000,184.3200000,184.5600000,2393050
20200512,160000,184.5500000,184.9800000,184.0000000,184.6400000,3238190
20200512,170000,184.6600000,185.6500000,184.5500000,185.1600000,4443260
20200512,180000,185.1700000,185.6200000,184.7200000,185.6000000,3791000
20200512,190000,185.6100000,187.2000000,185.5300000,186.1700000,9376530
20200513,110000,185.5500000,185.5500000,183.9100000,184.4200000,8389180
20200513,120000,184.4000000,185.3400000,184.1700000,184.6800000,4032060
20200513,130000,184.6500000,185.5400000,184.6000000,185.1700000,2099400
20200513,140000,185.1100000,185.3700000,184.7200000,185.1600000,1867960
20200513,150000,185.1900000,185.3300000,184.8500000,185.2400000,1811770
20200513,160000,185.2100000,185.4500000,184.7500000,185.0100000,2202780
20200513,170000,185.0200000,185.3100000,184.2100000,184.7100000,3674670
20200513,180000,184.7100000,185.0900000,184.0600000,184.2700000,4137120
20200513,190000,184.3000000,184.7700000,183.8000000,184.2000000,4962140
20200514,110000,183.2700000,184.8500000,181.6800000,182.2500000,11918690
20200514,120000,182.2500000,183.4700000,181.7100000,183.3300000,5878780
20200514,130000,183.3200000,184.1500000,182.9000000,183.9300000,2967230
20200514,140000,183.9300000,184.0200000,182.6200000,183.2200000,3253800
20200514,150000,183.2200000,183.2500000,182.2700000,182.3500000,3322500
20200514,160000,182.3500000,182.7400000,181.8000000,182.4000000,5725860
20200514,170000,182.3800000,183.0900000,181.9100000,182.1900000,4724940
20200514,180000,182.1500000,184.0000000,181.8000000,183.8100000,6877220
20200514,190000,183.8600000,184.0000000,183.4700000,183.9100000,4674490
20200515,110000,185.6200000,186.7000000,185.2700000,186.0400000,9168610
20200515,120000,186.0100000,186.9400000,185.9000000,186.8000000,7148330
20200515,130000,186.8200000,186.9800000,185.2100000,185.6200000,5442020
20200515,140000,185.6200000,185.9100000,184.7500000,185.0000000,3797040
20200515,150000,185.0600000,185.3500000,184.3100000,184.8700000,3457500
20200515,160000,184.8700000,185.2400000,184.2000000,184.8900000,3324480
20200515,170000,184.8900000,185.1000000,184.1000000,184.9000000,3656060
20200515,180000,184.9000000,185.6500000,184.4000000,185.1900000,4464790
20200515,190000,185.1400000,185.1700000,183.8500000,183.8500000,7405040
20200518,110000,185.4000000,186.9400000,185.1400000,186.7700000,9121780
20200518,120000,186.8200000,188.9400000,186.7100000,188.6000000,11256960
20200518,130000,188.6500000,188.9800000,187.7000000,188.6600000,5768240
20200518,140000,188.6600000,189.6800000,188.6400000,189.5600000,4369800
20200518,150000,189.5700000,189.8400000,188.5100000,189.4200000,3689110
20200518,160000,189.4000000,189.6000000,188.8000000,189.4400000,4168900
20200518,170000,189.4100000,189.8900000,189.1600000,189.2400000,4195040
20200518,180000,189.2100000,191.1600000,188.8900000,191.0800000,7062650
20200518,190000,191.0800000,192.5000000,191.0600000,192.5000000,10377110
20200519,110000,193.0000000,194.3900000,191.8000000,192.2200000,12810190
20200519,120000,192.2400000,192.6200000,191.1000000,192.5000000,7784320
20200519,130000,192.5000000,192.9400000,191.8100000,191.9600000,5667930
20200519,140000,191.9300000,192.5300000,191.5000000,192.2100000,5242810
20200519,150000,192.2200000,193.8000000,192.1700000,192.9200000,5214860
20200519,160000,192.9100000,193.3400000,192.2600000,193.2200000,4651500
20200519,170000,193.2700000,194.0000000,192.7500000,193.7400000,5964970
20200519,180000,193.7800000,194.2000000,193.4000000,193.9500000,6286800
20200519,190000,193.9900000,194.2000000,193.3200000,194.2000000,6634750
20200520,110000,193.5700000,194.1500000,192.7900000,193.2600000,6905870
20200520,120000,193.2800000,195.5800000,193.1000000,194.9000000,14101440
20200520,130000,194.8600000,196.4000000,194.4600000,195.8400000,9364370
20200520,140000,195.8900000,196.3000000,194.7500000,196.0300000,5925240
20200520,150000,196.0100000,196.5000000,195.1800000,196.1200000,5426710
20200520,160000,196.1800000,196.3500000,195.3500000,196.0700000,6515540
20200520,170000,196.0700000,196.6900000,195.5100000,196.5200000,8219760
20200520,180000,196.5200000,197.2700000,196.2900000,197.1800000,7670500
20200520,190000,197.1700000,197.2500000,195.2100000,196.7400000,9661460
20200521,110000,196.1000000,199.2600000,195.5600000,197.1100000,17334450
20200521,120000,197.1400000,197.1900000,195.0500000,196.2200000,13422730
20200521,130000,196.2200000,196.3000000,193.7400000,193.9900000,8971520
20200521,140000,193.9600000,194.9700000,193.3000000,193.8600000,6018130
20200521,150000,193.8500000,194.6900000,193.3400000,193.7000000,4825310
20200521,160000,193.6600000,194.4400000,193.5500000,194.0700000,3665770
20200521,170000,194.0700000,194.3900000,193.5000000,193.7000000,4386850
20200521,180000,193.7000000,194.1200000,193.0700000,193.4600000,7551600
20200521,190000,193.4200000,195.4800000,191.4000000,194.7400000,23883360
20200522,110000,194.0000000,194.3500000,192.3300000,192.4900000,12013140
20200522,120000,192.5000000,193.7000000,192.2100000,193.4000000,5057570
20200522,130000,193.4000000,194.5800000,193.0100000,193.9000000,3804650
20200522,140000,193.9100000,194.1500000,193.5000000,193.7600000,2645340
20200522,150000,193.8000000,195.4000000,193.5600000,195.2200000,3873740
20200522,160000,195.2300000,195.7600000,194.4700000,195.2100000,4948110
20200522,170000,195.2500000,195.3100000,194.2000000,194.9400000,3020330
20200522,180000,194.9600000,195.2400000,194.2000000,194.8200000,2917340
20200522,190000,194.8100000,195.0100000,194.3500000,194.3500000,3998490
20200525,110000,195.2100000,196.3400000,195.2000000,195.6300000,3438720
20200525,120000,195.6300000,196.2900000,195.1100000,196.1800000,2221750
20200525,130000,196.1800000,196.4900000,195.8500000,196.4000000,1799520
20200525,140000,196.4100000,196.7200000,196.0700000,196.4500000,1238660
20200525,150000,196.4200000,196.6900000,196.0100000,196.3600000,1230280
20200525,160000,196.4000000,197.0000000,196.2500000,196.7600000,2795120
20200525,170000,196.7600000,196.9000000,196.6100000,196.8500000,1197310
20200525,180000,196.8500000,197.4500000,196.4900000,197.4200000,3556340
20200525,190000,197.3900000,197.5500000,197.0400000,197.5500000,2552790
20200526,110000,198.8000000,200.6900000,198.5200000,200.4000000,14098590
20200526,120000,200.3900000,202.3000000,200.3000000,201.2200000,11650970
20200526,130000,201.2200000,201.4800000,199.8000000,199.9000000,6804660
20200526,140000,199.9000000,200.6800000,199.0700000,199.8000000,7538030
20200526,150000,199.8000000,200.0500000,199.0100000,199.5900000,3472630
20200526,160000,199.6500000,200.2100000,199.4900000,199.9800000,2727410
20200526,170000,199.9600000,200.2300000,199.1900000,199.1900000,3934820
20200526,180000,199.1900000,199.4300000,198.0100000,198.2600000,5195880
20200526,190000,198.2700000,198.5800000,196.3000000,196.8600000,10517560
20200527,110000,196.1000000,197.7500000,194.7100000,195.7500000,10996890
20200527,120000,195.7500000,196.6800000,195.3100000,196.3800000,6383480
20200527,130000,196.4200000,196.9000000,195.6500000,196.4600000,5258810
20200527,140000,196.4400000,196.6600000,195.3000000,196.0900000,4184000
20200527,150000,196.1700000,196.3000000,195.0300000,195.2900000,4073740
20200527,160000,195.2300000,195.4300000,194.1500000,194.3600000,6932480
20200527,170000,194.3200000,194.9500000,193.2500000,193.3000000,6672650
20200527,180000,193.2900000,194.4700000,193.1500000,193.7500000,4644580
20200527,190000,193.7500000,194.7300000,193.4400000,194.7300000,6082280
20200528,110000,194.4000000,196.1800000,194.1700000,195.9000000,9281870
20200528,120000,195.9000000,196.9800000,195.5800000,195.9800000,4890570
20200528,130000,196.0000000,196.8800000,195.6000000,195.9500000,4263890
20200528,140000,195.9500000,196.3500000,195.3000000,196.1700000,3017780
20200528,150000,196.1700000,196.7700000,195.9100000,196.3800000,3411720
20200528,160000,196.3900000,196.5900000,196.0400000,196.4700000,2162580
20200528,170000,196.4700000,196.9000000,195.7500000,196.4400000,3788560
20200528,180000,196.4400000,196.8600000,195.8600000,196.6900000,3587250
20200528,190000,196.7000000,196.8600000,195.6500000,196.8600000,5516050
20200529,110000,196.2500000,196.3900000,193.2000000,194.0900000,10264550
20200529,120000,194.0900000,194.7000000,193.6000000,194.4500000,7874170
20200529,130000,194.4500000,195.2000000,194.2100000,194.9000000,3742110
20200529,140000,194.9400000,195.3900000,194.2000000,194.5800000,4313630
20200529,150000,194.5700000,196.0700000,194.3000000,196.0100000,4567270
20200529,160000,196.0100000,197.2700000,195.8100000,196.0000000,7625550
20200529,170000,195.9700000,195.9700000,194.6100000,195.3600000,7124160
20200529,180000,195.3800000,197.9500000,195.0100000,197.8000000,16467630
20200529,190000,197.7700000,199.9500000,197.3800000,199.9500000,110638830
20200601,110000,200.2500000,202.4700000,199.8500000,200.2100000,14780090
20200601,120000,200.2100000,200.3000000,198.5000000,199.0000000,9056770
20200601,130000,199.0000000,199.0000000,197.8000000,198.1600000,6634350
20200601,140000,198.1900000,198.7700000,197.5700000,198.6400000,4419360
20200601,150000,198.6600000,199.4500000,198.3000000,198.5600000,3409780
20200601,160000,198.5800000,198.8300000,197.8100000,198.1300000,2892420
20200601,170000,198.1300000,198.4900000,197.1500000,198.1100000,4261090
20200601,180000,198.0700000,199.2400000,198.0100000,198.9100000,3771400
20200601,190000,198.9100000,199.2400000,198.5700000,198.7200000,4938450
20200602,110000,199.4800000,200.1000000,198.7200000,199.4200000,4923300
20200602,120000,199.4500000,200.9000000,199.3100000,200.1400000,6897820
20200602,130000,200.1900000,200.7500000,199.6500000,200.2800000,3396550
20200602,140000,200.3200000,200.7300000,200.2000000,200.4000000,2127150
20200602,150000,200.4000000,200.6000000,199.8000000,200.0900000,2110840
20200602,160000,200.0800000,200.6400000,200.0500000,200.2800000,1992970
20200602,170000,200.3300000,200.4500000,198.8200000,200.1200000,6437450
20200602,180000,200.1200000,202.1900000,199.8600000,201.3800000,11064750
20200602,190000,201.4100000,201.9700000,200.5900000,201.9700000,6304920
20200603,110000,203.1000000,204.6600000,202.5100000,203.4800000,12739990
20200603,120000,203.4800000,203.7100000,202.1000000,203.4900000,4651090
20200603,130000,203.4600000,204.3800000,203.0500000,204.0100000,3928420
20200603,140000,204.0100000,204.0600000,202.5000000,203.2900000,5493780
20200603,150000,203.2900000,203.6000000,202.0100000,202.1600000,3512070
20200603,160000,202.1600000,203.9300000,202.1500000,203.7900000,2800060
20200603,170000,203.8000000,205.5000000,203.3600000,205.3400000,8282460
20200603,180000,205.3500000,207.8800000,205.3000000,206.3100000,12306020
20200603,190000,206.3500000,208.1500000,206.3100000,208.0000000,11344940
20200604,110000,207.9900000,207.9900000,205.0300000,205.7300000,14329200
20200604,120000,205.7400000,206.3000000,204.6500000,204.6500000,7032580
20200604,130000,204.6500000,205.1600000,202.6700000,203.4600000,9057120
20200604,140000,203.4800000,203.9000000,202.5700000,202.9200000,5559270
20200604,150000,202.9200000,203.5800000,202.1000000,203.4000000,6375590
20200604,160000,203.4000000,203.7400000,201.5500000,201.6400000,7680310
20200604,170000,201.6300000,202.7000000,201.6000000,202.0700000,5073050
20200604,180000,202.1100000,202.7600000,201.7200000,201.7900000,7231790
20200604,190000,201.7600000,201.9200000,200.6000000,201.4600000,9837410
20200605,110000,202.5600000,203.6000000,202.2200000,203.4000000,8618410
20200605,120000,203.4000000,204.8400000,203.0800000,204.0100000,5297670
20200605,130000,204.0500000,204.3400000,201.8100000,202.7200000,5933200
20200605,140000,202.7200000,202.7800000,201.5100000,202.1100000,3047830
20200605,150000,202.1100000,202.7200000,202.0700000,202.3500000,2148940
20200605,160000,202.3200000,203.4500000,201.8700000,202.9700000,4601650
20200605,170000,202.9700000,203.4200000,202.5300000,202.9100000,4355060
20200605,180000,202.9100000,203.8400000,202.2300000,203.4500000,5286510
20200605,190000,203.4800000,204.1500000,203.0500000,203.0500000,5508920
20200608,110000,204.9500000,205.1500000,202.9700000,205.0200000,7600530
20200608,120000,205.0500000,206.2000000,204.3000000,206.0900000,5884570
20200608,130000,206.0900000,206.1500000,205.2800000,205.7000000,3561080
20200608,140000,205.7000000,206.1300000,205.4500000,205.8300000,2016870
20200608,150000,205.8300000,205.9900000,205.0200000,205.8900000,3611200
20200608,160000,205.9000000,206.5000000,205.1200000,205.2500000,5883070
20200608,170000,205.2500000,205.9500000,205.1600000,205.4900000,2277570
20200608,180000,205.4900000,205.4900000,203.6000000,204.4800000,4826570
20200608,190000,204.4900000,204.9400000,204.3000000,204.9100000,4415150
20200609,110000,205.4100000,206.1000000,202.7000000,203.2900000,6822270
20200609,120000,203.2700000,203.9200000,201.5700000,201.8200000,6834170
20200609,130000,201.8200000,203.0000000,201.7500000,201.8800000,3604990
20200609,140000,201.9200000,202.7800000,201.8400000,202.4300000,2030090
20200609,150000,202.4600000,203.6600000,202.4200000,203.0400000,3506740
20200609,160000,203.0200000,203.1400000,202.3100000,202.6100000,2129520
20200609,170000,202.5800000,203.6000000,202.5000000,203.4200000,2429910
20200609,180000,203.4300000,204.7300000,202.8200000,204.2800000,3375690
20200609,190000,204.2800000,204.8400000,203.3200000,204.8400000,4627650
20200610,110000,204.8800000,205.2700000,202.7800000,203.3900000,8533940
20200610,120000,203.4000000,203.4200000,202.3300000,202.6500000,3819400
20200610,130000,202.6200000,203.4900000,202.1200000,202.8100000,3693930
20200610,140000,202.7700000,203.2400000,202.2200000,202.8600000,1890140
20200610,150000,202.8300000,204.2200000,202.7700000,203.8800000,2608780
20200610,160000,203.9000000,203.9000000,203.0500000,203.2200000,2431300
20200610,170000,203.2100000,203.3700000,201.7100000,201.9200000,6252150
20200610,180000,201.9800000,202.2200000,200.5300000,201.0000000,8352390
20200610,190000,201.0000000,201.8500000,200.7600000,201.7500000,3928070
20200611,110000,200.1900000,200.1900000,198.0000000,198.7000000,10432800
20200611,120000,198.7000000,199.1300000,197.0300000,197.3000000,8777520
20200611,130000,197.3100000,198.3100000,197.1100000,198.1000000,2949340
20200611,140000,198.1100000,198.4000000,197.7400000,197.9400000,1618470
20200611,150000,197.9300000,198.1700000,196.5100000,197.0900000,4049830
20200611,160000,197.0900000,197.1600000,195.9100000,196.7700000,5245660
20200611,170000,196.7100000,197.2400000,196.0700000,196.1800000,4433930
20200611,180000,196.1600000,196.6400000,195.1500000,195.2000000,4925630
20200611,190000,195.1800000,196.7400000,195.1500000,196.7400000,6401650
20200615,110000,193.8500000,194.1200000,191.0000000,193.0500000,14426420
20200615,120000,193.0900000,196.1500000,193.0000000,195.4000000,10580120
20200615,130000,195.3500000,195.9400000,194.1100000,195.8600000,4462700
20200615,140000,195.8900000,195.9100000,193.7700000,194.1000000,3020000
20200615,150000,194.0700000,194.9000000,193.6300000,194.5000000,2356780
20200615,160000,194.5600000,194.5900000,192.8700000,193.0900000,2860000
20200615,170000,193.0700000,193.8600000,192.6000000,193.5700000,4591400
20200615,180000,193.6100000,194.2400000,192.6100000,193.2800000,5316030
20200615,190000,193.2800000,194.3500000,193.1000000,194.2000000,6545460
20200616,110000,196.0600000,197.3000000,195.2000000,196.7600000,8898300
20200616,120000,196.7700000,197.1800000,196.2300000,197.1300000,2962290
20200616,130000,197.1300000,197.4300000,196.6100000,196.7500000,2656920
20200616,140000,196.7500000,198.2300000,196.6400000,197.7200000,4491320
20200616,150000,197.6700000,197.8700000,197.0500000,197.2100000,1730120
20200616,160000,197.2100000,199.5900000,197.0500000,198.7700000,7316350
20200616,170000,198.7700000,199.4400000,198.2500000,199.0900000,3380530
20200616,180000,199.0400000,199.4800000,196.8100000,197.0000000,6534370
20200616,190000,196.8600000,197.7600000,196.5900000,196.5900000,5352450
20200617,110000,197.7200000,198.6900000,197.2500000,198.2700000,5002290
20200617,120000,198.3000000,199.0800000,197.8200000,198.6400000,3573850
20200617,130000,198.6500000,198.6900000,196.5100000,197.1000000,5205600
20200617,140000,197.1000000,197.3000000,196.4000000,196.7500000,3405790
20200617,150000,196.7900000,197.1000000,196.1000000,196.6300000,2522970
20200617,160000,196.6500000,197.1900000,196.1100000,196.3000000,2123240
20200617,170000,196.2600000,197.2000000,196.1100000,196.3500000,3187270
20200617,180000,196.3200000,196.7800000,195.6500000,196.4200000,4579740
20200617,190000,196.4200000,196.4900000,195.2100000,195.8600000,4788410
20200618,110000,195.4400000,195.5700000,194.0000000,194.3300000,6971880
20200618,120000,194.3100000,194.6000000,193.5100000,194.3400000,5975760
20200618,130000,194.3400000,194.5900000,193.1000000,193.3100000,3826800
20200618,140000,193.3100000,193.7500000,193.0500000,193.3400000,3472680
20200618,150000,193.4000000,193.4000000,192.0300000,192.0700000,5747840
20200618,160000,192.0600000,193.6800000,191.8500000,193.3700000,8796110
20200618,170000,193.3700000,193.4100000,192.1200000,193.1000000,3383490
20200618,180000,193.1000000,193.9100000,192.5500000,192.7600000,3827280
20200618,190000,192.8100000,193.6000000,192.5500000,193.0000000,3805360
20200619,110000,194.1700000,195.7600000,193.8200000,195.6300000,7727160
20200619,120000,195.6800000,196.0700000,195.1700000,195.2500000,3799810
20200619,130000,195.2500000,195.9900000,195.1900000,195.6100000,2868460
20200619,140000,195.5900000,195.6400000,194.6900000,195.5300000,2697560
20200619,150000,195.5300000,195.9000000,195.2500000,195.7800000,1621320
20200619,160000,195.7800000,195.9800000,195.2400000,195.4000000,1581940
20200619,170000,195.4100000,195.6000000,194.3000000,194.4900000,2680470
20200619,180000,194.5900000,195.0800000,194.1700000,194.6900000,2059850
20200619,190000,194.7000000,195.8100000,194.6400000,195.8100000,20121550
20200622,110000,195.3500000,195.3500000,193.0300000,193.7300000,8346270
20200622,120000,193.7700000,194.6300000,193.1900000,194.4700000,3955460
20200622,130000,194.4700000,194.6900000,193.6400000,193.9000000,2373450
20200622,140000,193.9000000,195.3200000,193.8100000,194.3800000,4125300
20200622,150000,194.3800000,194.4200000,193.7100000,194.0800000,1935350
20200622,160000,194.0800000,194.2100000,193.2800000,193.6700000,2090160
20200622,170000,193.6700000,193.9900000,193.0100000,193.3500000,3224490
20200622,180000,193.3100000,193.8000000,192.7000000,192.8100000,5355780
20200622,190000,192.8000000,193.9000000,192.6200000,193.9000000,4214000
20200622,200000,193.9000000,194.2000000,193.6500000,193.9000000,271740
20200622,210000,193.9000000,193.9700000,193.7500000,193.9500000,91970
20200622,220000,193.9500000,194.2000000,193.8000000,194.0200000,207180
20200622,230000,194.1000000,194.3600000,193.7000000,194.1800000,333010
20200623,000000,194.1800000,194.3700000,193.8200000,194.3000000,239160
20200623,110000,194.7800000,196.1600000,194.0000000,195.7500000,7727460
20200623,120000,195.7500000,195.9300000,194.9000000,195.0900000,2996210
20200623,130000,195.1000000,195.9400000,194.9100000,195.5800000,2357690
20200623,140000,195.5900000,196.1300000,195.4500000,195.5600000,2248300
20200623,150000,195.5900000,195.9500000,195.4900000,195.8300000,1356160
20200623,160000,195.8300000,196.3200000,195.1000000,195.3600000,3170460
20200623,170000,195.4100000,195.8600000,195.0200000,195.2800000,2329010
20200623,180000,195.2900000,195.9900000,194.6000000,194.8100000,4518310
20200623,190000,194.8000000,195.3000000,194.3000000,195.3000000,5627790
20200623,200000,194.7100000,195.2000000,194.7100000,194.7600000,348390
20200623,210000,194.8500000,195.0800000,194.7600000,194.8000000,221500
20200623,220000,194.9300000,194.9300000,194.3900000,194.4800000,509590
20200623,230000,194.5700000,194.6700000,194.4000000,194.4700000,190240
20200624,000000,194.4900000,194.8400000,194.4100000,194.8300000,199830
20200625,110000,191.8000000,192.1800000,190.7900000,191.2000000,16382170
20200625,120000,191.2000000,192.4800000,191.0600000,192.3000000,4950640
20200625,130000,192.3000000,192.4100000,191.5400000,191.7700000,2989370
20200625,140000,191.6900000,192.2400000,191.6900000,192.0800000,1470150
20200625,150000,192.0800000,192.1600000,191.2000000,191.3800000,1993620
20200625,160000,191.3300000,191.4400000,190.5500000,190.5800000,7029450
20200625,170000,190.5600000,191.6600000,190.5500000,191.3300000,4188510
20200625,180000,191.3700000,191.8700000,191.1000000,191.2400000,3297790
20200625,190000,191.2400000,191.3600000,190.5900000,190.5900000,4081210
20200625,200000,190.8600000,191.6000000,190.8600000,191.5000000,455730
20200625,210000,191.5400000,191.7000000,191.2400000,191.4300000,375940
20200625,220000,191.4200000,191.4300000,191.0000000,191.2900000,338490
20200625,230000,191.2800000,191.8800000,191.2000000,191.8700000,476900
20200626,000000,191.8700000,192.2700000,191.8000000,192.2500000,717760
20200626,110000,192.8000000,192.8700000,191.5000000,191.5300000,4754080
20200626,120000,191.5200000,191.5200000,190.5100000,191.0500000,4395020
20200626,130000,191.0900000,195.6900000,190.9700000,194.6900000,19980520
20200626,140000,194.7200000,194.9500000,193.0000000,194.4000000,5359140
20200626,150000,194.4000000,194.8500000,193.8000000,193.8600000,2209080
20200626,160000,193.8600000,194.4000000,193.6000000,194.1800000,2626530
20200626,170000,194.2000000,194.6400000,193.0100000,193.2800000,4554000
20200626,180000,193.2500000,193.6100000,191.5200000,191.5800000,7504300
20200626,190000,191.5700000,193.1100000,191.5500000,193.1100000,6920160
20200626,200000,193.1100000,193.2000000,192.5100000,193.0300000,610310
20200626,210000,193.0200000,193.2800000,192.9100000,193.2500000,224470
20200626,220000,193.2600000,193.3000000,192.8000000,193.0300000,352600
20200626,230000,193.0300000,193.2300000,192.4700000,192.7000000,578610
20200627,000000,192.7000000,193.0000000,192.6700000,193.0000000,220620
20200629,110000,192.6700000,194.6600000,192.5800000,193.0000000,8299830
20200629,120000,192.9200000,194.3800000,192.7000000,194.3200000,4356610
20200629,130000,194.3800000,194.5800000,193.5800000,194.5200000,3597540
20200629,140000,194.5200000,194.6600000,194.0100000,194.4300000,2049360
20200629,150000,194.4300000,195.4700000,194.3000000,195.2900000,3574010
20200629,160000,195.3000000,195.3400000,194.7200000,195.0000000,2238200
20200629,170000,195.0000000,195.6200000,194.4400000,195.0100000,3712870
20200629,180000,195.0300000,196.0800000,194.8800000,195.2700000,7224430
20200629,190000,195.2400000,197.6400000,195.2300000,197.6400000,7875060
20200629,200000,197.2500000,198.0000000,197.0100000,197.7300000,878970
20200629,210000,197.7300000,198.1000000,197.5700000,197.6800000,563520
20200629,220000,197.6900000,197.8000000,197.3400000,197.8000000,614150
20200629,230000,197.8100000,197.8500000,197.5000000,197.7100000,249420
20200630,000000,197.7100000,197.9400000,197.6600000,197.9400000,563150
20200630,110000,197.9000000,198.4800000,196.4000000,196.5100000,8278170
20200630,120000,196.5300000,197.2500000,196.1400000,196.8400000,4345820
20200630,130000,196.8400000,197.3700000,195.6700000,195.9800000,5954100
20200630,140000,195.9800000,196.5700000,195.6600000,195.7400000,3105170
20200630,150000,195.8000000,196.4200000,195.5200000,195.6500000,2857250
20200630,160000,195.6500000,195.7900000,194.5900000,194.9500000,4091260
20200630,170000,194.9400000,195.5500000,194.5600000,194.7100000,4839330
20200630,180000,194.7100000,195.2200000,194.0700000,194.5200000,5337580
20200630,190000,194.5000000,194.6000000,193.2400000,193.2400000,10651270
20200630,200000,193.7400000,194.1800000,193.5000000,193.6900000,990430
20200630,210000,193.6600000,194.0400000,193.6000000,193.9700000,343270
20200630,220000,193.9700000,194.1000000,193.5300000,194.0900000,435000
20200630,230000,194.0200000,194.3900000,193.9100000,194.1900000,477490
20200701,000000,194.1500000,194.7000000,194.0100000,194.3100000,522280
20200702,110000,195.3100000,195.7000000,194.7200000,195.2600000,6229940
20200702,120000,195.3000000,195.3500000,194.6200000,194.8300000,3514050
20200702,130000,194.8400000,195.3800000,194.4000000,195.3100000,3074660
20200702,140000,195.3500000,195.4600000,194.9100000,195.1500000,1955170
20200702,150000,195.1700000,195.7700000,195.0700000,195.1500000,2756420
20200702,160000,195.1600000,195.5100000,194.7300000,195.0700000,2400720
20200702,170000,195.0700000,195.7400000,194.7400000,195.5900000,3516380
20200702,180000,195.6100000,195.8400000,194.7000000,194.7300000,3768930
20200702,190000,194.7300000,195.6500000,194.5500000,195.6500000,5207530
20200702,200000,195.1800000,195.5700000,195.1000000,195.3800000,393760
20200702,210000,195.3500000,195.6600000,195.3400000,195.5700000,598880
20200702,220000,195.5800000,195.6300000,195.3400000,195.5200000,281770
20200702,230000,195.5800000,195.6000000,195.2000000,195.2000000,196060
20200703,000000,195.2900000,195.3900000,195.1200000,195.2800000,219830
20200703,110000,195.6500000,196.4800000,195.3500000,196.2000000,4712520
20200703,120000,196.2000000,196.4200000,195.3600000,195.6000000,2602490
20200703,130000,195.6000000,195.9700000,194.8900000,195.1900000,2148500
20200703,140000,195.1500000,195.5400000,194.7700000,195.3600000,1866130
20200703,150000,195.4100000,195.7900000,195.2000000,195.4000000,1599330
20200703,160000,195.3800000,195.6700000,195.0800000,195.4400000,1724790
20200703,170000,195.4300000,196.3000000,195.3200000,196.2000000,3010730
20200703,180000,196.1900000,196.6600000,196.0100000,196.6000000,2380760
20200703,190000,196.6300000,197.2000000,196.5000000,197.2000000,4032680
20200703,200000,197.2000000,197.4800000,196.9500000,197.0800000,1003910
20200703,210000,197.1000000,197.2200000,196.9800000,197.1000000,550280
20200703,220000,197.1000000,197.1500000,197.0300000,197.0500000,177570
20200703,230000,197.0400000,197.2200000,197.0300000,197.2000000,234720
20200704,000000,197.2100000,197.3100000,197.1000000,197.2000000,378750
20200706,110000,199.2100000,201.7500000,198.5300000,201.2300000,13370280
20200706,120000,201.2300000,201.4800000,199.5100000,199.7500000,8686020
20200706,130000,199.7500000,200.0700000,199.0900000,199.8200000,4857180
20200706,140000,199.8500000,200.3700000,199.2600000,199.6400000,3128560
20200706,150000,199.6400000,200.0000000,199.4500000,199.8000000,1675000
20200706,160000,199.8000000,200.1000000,199.4100000,199.8000000,2015420
20200706,170000,199.8200000,199.9900000,199.5000000,199.8900000,1644530
20200706,180000,199.9000000,200.2300000,198.8000000,199.6200000,4911490
20200706,190000,199.6100000,199.9800000,199.3600000,199.9500000,4018910
20200706,200000,199.3000000,199.6600000,199.1300000,199.5300000,496150
20200706,210000,199.6300000,199.6400000,199.2100000,199.5400000,248700
20200706,220000,199.5000000,199.9400000,199.4500000,199.6700000,529310
20200706,230000,199.7300000,199.9500000,199.6500000,199.8900000,417610
20200707,000000,199.8600000,200.0000000,199.7900000,199.9900000,418810
20200707,110000,199.7000000,199.7000000,198.0800000,199.4700000,7821590
20200707,120000,199.4700000,199.9400000,199.0700000,199.6600000,3021190
20200707,130000,199.6600000,199.6600000,198.8800000,199.5300000,2154210
20200707,140000,199.5300000,199.8700000,199.1400000,199.4000000,1225910
20200707,150000,199.4400000,199.6000000,199.0300000,199.3300000,1859760
20200707,160000,199.3300000,199.4800000,198.8700000,199.1500000,2222800
20200707,170000,199.1500000,199.2500000,198.4100000,198.5900000,3182610
20200707,180000,198.6000000,198.9800000,198.3000000,198.4800000,4248210
20200707,190000,198.4800000,198.8700000,197.7500000,198.3500000,7369960
20200707,200000,198.3000000,198.5800000,198.0100000,198.4900000,249240
20200707,210000,198.4900000,198.6000000,198.2700000,198.6000000,164640
20200707,220000,198.5700000,198.6000000,198.0700000,198.1900000,418200
20200707,230000,198.1800000,198.3300000,197.7600000,197.8500000,949330
20200708,000000,197.8500000,198.2700000,197.8400000,197.9600000,294810
20200708,110000,198.0000000,198.8800000,197.5500000,198.5000000,4242020
20200708,120000,198.5000000,199.1800000,198.3000000,198.8000000,2421570
20200708,130000,198.7800000,198.8500000,198.0400000,198.4100000,1628210
20200708,140000,198.4300000,198.7600000,198.0200000,198.6700000,1350640
20200708,150000,198.6500000,199.1000000,198.4000000,198.9900000,1439020
20200708,160000,199.0100000,199.1000000,198.6700000,198.9700000,1441710
20200708,170000,198.9700000,199.7600000,198.8700000,199.6300000,2670780
20200708,180000,199.6200000,200.4600000,199.3700000,200.4100000,5694810
20200708,190000,200.4400000,200.7900000,199.8200000,200.7900000,6777510
20200708,200000,200.5000000,200.9500000,200.4400000,200.8500000,633120
20200708,210000,200.8400000,200.9500000,200.4100000,200.4100000,745680
20200708,220000,200.4100000,200.5000000,200.1400000,200.5000000,373230
20200708,230000,200.5000000,201.1600000,200.5000000,201.0000000,973920
20200709,000000,201.0500000,201.1900000,200.7400000,201.1700000,337850
20200709,110000,201.4800000,201.9000000,200.5800000,201.4900000,8019150
20200709,120000,201.5100000,201.8700000,201.2400000,201.5500000,2313430
20200709,130000,201.5500000,202.0000000,200.6500000,200.8700000,3884100
20200709,140000,200.8600000,200.9700000,200.0200000,200.1500000,2873150
20200709,150000,200.1800000,200.5500000,200.1400000,200.2500000,1666620
20200709,160000,200.2800000,200.5000000,199.6900000,200.4000000,3473500
20200709,170000,200.4000000,200.8500000,200.0900000,200.3900000,2660010
20200709,180000,200.3900000,200.8000000,198.7200000,198.8500000,6790690
20200709,190000,198.8600000,199.6900000,198.4000000,199.4200000,6891490
20200709,200000,199.3800000,199.4800000,199.0300000,199.2500000,374740
20200709,210000,199.2500000,199.5900000,199.2000000,199.5500000,422890
20200709,220000,199.5500000,199.6900000,199.4600000,199.6000000,304420
20200709,230000,199.5100000,199.6200000,198.9500000,199.0900000,458740
20200710,000000,199.0900000,199.4500000,199.0200000,199.4400000,222410
20200710,110000,198.2500000,198.7700000,197.6200000,198.0800000,5809440
20200710,120000,198.0800000,198.4900000,198.0300000,198.2300000,2122220
20200710,130000,198.2300000,198.5600000,197.5500000,197.8400000,3973690
20200710,140000,197.8400000,197.9900000,197.2200000,197.6600000,3255270
20200710,150000,197.7000000,198.0700000,197.6600000,197.7700000,2099750
20200710,160000,197.7700000,198.5800000,197.4900000,198.4100000,2731090
20200710,170000,198.4100000,199.1200000,198.3000000,198.7600000,2527630
20200710,180000,198.7600000,200.0800000,198.4600000,199.8900000,5081280
20200710,190000,199.8700000,201.7000000,199.7900000,201.7000000,7683680
20200710,200000,201.5200000,201.6000000,200.0100000,200.3500000,1551100
20200710,210000,200.3500000,200.9000000,200.1000000,200.8800000,656020
20200710,220000,200.8800000,201.0000000,200.6900000,200.8300000,520930
20200710,230000,200.7200000,200.8300000,200.3000000,200.6300000,461740
20200711,000000,200.6300000,200.9700000,200.5900000,200.9400000,554680
20200713,110000,201.6000000,202.3300000,200.0000000,200.0000000,11334070
20200713,120000,200.0100000,200.7400000,199.8100000,199.8300000,5752870
20200713,130000,199.8400000,200.1100000,199.1100000,199.1700000,5181660
20200713,140000,199.1700000,199.1900000,198.2000000,198.3600000,5473290
20200713,150000,198.3600000,198.4400000,197.7000000,198.2500000,4868100
20200713,160000,198.2500000,198.7700000,197.9100000,198.4800000,2271140
20200713,170000,198.4800000,198.8300000,197.7800000,197.8200000,4959810
20200713,180000,197.8200000,198.4300000,196.5700000,196.9700000,8152250
20200713,190000,197.0000000,197.1200000,196.0100000,196.5000000,9384250
20200713,200000,196.5500000,197.1400000,196.5100000,196.8900000,1003590
20200713,210000,196.8800000,197.0000000,196.7000000,196.8000000,396000
20200713,220000,196.9100000,196.9200000,196.0400000,196.2300000,1258350
20200713,230000,196.2400000,196.3100000,195.5000000,195.6000000,2346550
20200714,000000,195.5500000,195.8300000,195.5500000,195.7000000,617940
20200714,110000,195.0900000,196.6500000,193.0800000,193.7500000,18593180
20200714,120000,193.7500000,194.1500000,193.0300000,193.5500000,6451460
20200714,130000,193.5500000,194.2500000,193.5000000,194.0100000,8221960
20200714,140000,194.0300000,194.2900000,193.3500000,193.5700000,4516050
20200714,150000,193.5400000,193.8900000,193.0500000,193.8000000,3415810
20200714,160000,193.8000000,193.9300000,193.2000000,193.2500000,4608390
20200714,170000,193.2600000,193.5200000,192.4800000,192.9200000,9735930
20200714,180000,192.9800000,193.6900000,192.7700000,193.6100000,6763070
20200714,190000,193.6100000,194.7900000,193.5000000,194.7000000,14072470
20200714,200000,194.5000000,194.6000000,193.7700000,193.9800000,1456100
20200714,210000,194.0200000,194.0800000,193.4000000,193.9000000,1687230
20200714,220000,193.8900000,194.0800000,193.6400000,193.9100000,899500
20200714,230000,193.9400000,194.0900000,193.7100000,194.0300000,1116290
20200715,000000,194.0300000,194.0800000,193.5000000,193.6000000,1523270
20200715,110000,180.6000000,183.6700000,179.8000000,183.6000000,24319240
20200715,120000,183.5800000,184.2700000,182.7000000,183.0800000,10913250
20200715,130000,183.0800000,183.1000000,182.0100000,182.6400000,4226760
20200715,140000,182.6300000,183.6700000,182.1000000,183.6000000,5053330
20200715,150000,183.5800000,183.9500000,183.3000000,183.4100000,3652770
20200715,160000,183.4100000,183.5900000,182.7300000,182.9200000,3408080
20200715,170000,182.9000000,183.0300000,182.2000000,182.3000000,3416200
20200715,180000,182.3000000,182.5300000,180.8000000,181.9800000,8472960
20200715,190000,182.0000000,182.1400000,181.0000000,181.8200000,7656690
20200715,200000,181.6600000,182.1000000,181.0500000,182.0100000,583960
20200715,210000,182.0800000,182.6000000,181.9900000,182.5100000,780460
20200715,220000,182.5800000,182.6800000,182.1000000,182.2000000,503540
20200715,230000,182.2000000,182.5100000,182.1300000,182.4000000,281920
20200716,000000,182.4000000,182.5200000,182.2600000,182.2600000,194160
20200716,110000,181.2000000,182.9800000,181.0700000,182.2200000,6785440
20200716,120000,182.2500000,182.5000000,181.4100000,181.5900000,2524950
20200716,130000,181.5400000,182.2100000,181.3300000,182.0000000,1423110
20200716,140000,182.0000000,182.5900000,181.8700000,182.3700000,1130740
20200716,150000,182.3800000,182.5300000,181.6200000,181.7200000,1932600
20200716,160000,181.7200000,181.9500000,181.3400000,181.4200000,2106790
20200716,170000,181.4800000,182.4300000,181.3600000,182.3800000,1866390
20200716,180000,182.4000000,183.1000000,182.0600000,183.1000000,4237380
20200716,190000,183.0900000,183.7900000,183.0900000,183.7800000,5691090
20200716,200000,183.7900000,183.8000000,183.1000000,183.3300000,422510
20200716,210000,183.3300000,183.4000000,183.1000000,183.1700000,275880
20200716,220000,183.1700000,183.8000000,183.0000000,183.1800000,708600
20200716,230000,183.1900000,183.5000000,183.0800000,183.3300000,191720
20200717,000000,183.3000000,183.3200000,183.1800000,183.3200000,111800
20200717,110000,183.8000000,184.3300000,183.1100000,183.2500000,4027580
20200717,120000,183.2500000,183.7700000,183.2100000,183.6400000,2101250
20200717,130000,183.6500000,183.9600000,182.8700000,183.4800000,2718890
20200717,140000,183.5100000,183.9200000,183.3300000,183.8400000,1452010
20200717,150000,183.8400000,184.4000000,183.7600000,184.1000000,2192700
20200717,160000,184.1000000,184.7000000,184.0600000,184.1500000,2779620
20200717,170000,184.2000000,184.5400000,183.8100000,183.8700000,2466480
20200717,180000,183.9000000,184.6200000,183.4700000,184.4900000,2367300
20200717,190000,184.4200000,184.9300000,184.2900000,184.9300000,4221550
20200717,200000,184.8900000,184.9000000,184.5000000,184.5900000,336000
20200717,210000,184.5500000,184.7500000,184.5100000,184.6800000,105940
20200717,220000,184.6900000,184.6900000,184.5500000,184.6700000,214820
20200717,230000,184.6700000,184.7000000,184.4300000,184.6000000,297830
20200718,000000,184.5300000,184.7700000,184.5300000,184.6500000,189890
20200720,110000,184.6700000,184.9900000,183.8800000,184.5600000,4561480
20200720,120000,184.5400000,185.8600000,184.3700000,185.6100000,2876830
20200720,130000,185.6100000,186.5800000,185.5600000,186.1700000,2822440
20200720,140000,186.1700000,186.2000000,185.7600000,185.9900000,1913480
20200720,150000,185.9900000,186.8100000,185.8300000,186.3200000,2216830
20200720,160000,186.2500000,186.7300000,185.9000000,186.6500000,1750960
20200720,170000,186.6800000,187.9700000,186.5700000,187.6700000,5896270
20200720,180000,187.6700000,187.6900000,187.1000000,187.3700000,2323030
20200720,190000,187.3700000,188.2000000,187.1500000,188.2000000,4240220
20200720,200000,188.2000000,188.3000000,187.8900000,188.1000000,560340
20200720,210000,188.1000000,188.1500000,187.9700000,188.1100000,233460
20200720,220000,188.1100000,188.2000000,187.9100000,188.1400000,211960
20200720,230000,188.1400000,188.3000000,188.0900000,188.2200000,189570
20200721,000000,188.2200000,188.4100000,188.2000000,188.3600000,213720
20200721,110000,188.9900000,189.7700000,188.0500000,188.8500000,10605790
20200721,120000,188.8500000,189.2400000,188.2000000,188.8200000,4398530
20200721,130000,188.8200000,189.4000000,187.8200000,187.9300000,5397940
20200721,140000,187.9400000,188.5100000,187.3600000,188.0100000,4380520
20200721,150000,188.0100000,188.2600000,187.5100000,187.9000000,2297290
20200721,160000,187.8900000,188.1900000,187.6500000,187.6800000,1476290
20200721,170000,187.6600000,187.9000000,186.2500000,187.3800000,6066600
20200721,180000,187.3200000,187.6800000,186.7400000,187.5500000,3857980
20200721,190000,187.5400000,187.5900000,186.8300000,187.3300000,4226750
20200721,200000,187.2700000,187.6900000,186.5500000,187.1500000,666830
20200721,210000,187.1500000,187.3000000,187.0200000,187.1200000,152940
20200721,220000,187.1200000,187.4000000,187.1000000,187.3800000,171930
20200721,230000,187.3800000,187.4200000,186.5000000,186.8100000,441050
20200722,000000,186.8600000,187.0000000,186.5300000,186.7800000,247880
20200722,110000,187.0300000,188.5900000,186.7000000,187.2300000,4604750
20200722,120000,187.2300000,187.6300000,186.4600000,186.7700000,3060460
20200722,130000,186.7300000,187.2500000,186.6000000,187.1900000,1649780
20200722,140000,187.1900000,187.4700000,186.6000000,186.9200000,1468570
20200722,150000,186.9200000,187.6100000,186.9200000,187.2600000,2079920
20200722,160000,187.3100000,187.5800000,187.2000000,187.5600000,671650
20200722,170000,187.5500000,187.8400000,186.7300000,187.0500000,2437480
20200722,180000,187.0300000,187.4900000,186.8800000,187.3800000,1444060
20200722,190000,187.3800000,187.4800000,186.4100000,186.4100000,4245710
20200722,200000,186.7400000,186.9600000,186.0700000,186.7600000,470180
20200722,210000,186.7700000,186.8600000,186.6100000,186.7000000,133330
20200722,220000,186.6100000,186.9600000,186.5300000,186.9300000,212630
20200722,230000,186.9400000,187.1000000,186.9000000,187.0800000,217180
20200723,000000,187.0800000,187.1500000,186.9000000,187.1500000,71980
20200723,110000,187.5000000,188.2900000,186.8800000,188.2600000,4030310
20200723,120000,188.2600000,188.3000000,187.2200000,187.4400000,1972010
20200723,130000,187.4100000,187.7500000,187.1400000,187.2900000,1406920
20200723,140000,187.2900000,187.9000000,187.2500000,187.5400000,2050430
20200723,150000,187.5700000,187.6700000,186.4900000,187.0200000,2599650
20200723,160000,187.0100000,187.0500000,185.7500000,186.0000000,4321490
20200723,170000,186.0000000,186.5000000,185.7600000,186.1500000,3272260
20200723,180000,186.1500000,186.3900000,185.9100000,186.0600000,2484940
20200723,190000,186.0600000,186.1700000,185.6100000,185.6100000,2879230
20200723,200000,185.7100000,185.9800000,185.5100000,185.6100000,587130
20200723,210000,185.7000000,185.8000000,185.3500000,185.4700000,611980
20200723,220000,185.4100000,185.4700000,185.0000000,185.2300000,1034680
20200723,230000,185.2300000,185.3800000,184.4000000,184.8100000,2035730
20200724,000000,184.8100000,184.9300000,184.6900000,184.6900000,482770
20200724,110000,184.8300000,185.8300000,184.1200000,185.7000000,4826620
20200724,120000,185.7000000,185.9400000,185.4000000,185.4600000,2066130
20200724,130000,185.4400000,185.9900000,185.2600000,185.7700000,1605470
20200724,140000,185.7700000,186.0000000,185.6500000,185.8600000,1970220
20200724,150000,185.8800000,186.2500000,185.3000000,185.4900000,2894380
20200724,160000,185.4500000,186.4500000,185.1200000,185.1900000,4083070
20200724,170000,185.1900000,185.3700000,184.5600000,184.8700000,4421570
20200724,180000,184.8800000,185.5000000,184.8500000,185.0700000,3455830
20200724,190000,185.0600000,185.4000000,184.9000000,185.4000000,3922360
20200724,200000,185.4000000,185.4700000,185.1200000,185.2600000,153990
20200724,210000,185.2600000,185.3000000,185.0100000,185.2800000,230910
20200724,220000,185.2800000,185.5800000,185.2500000,185.5800000,231340
20200724,230000,185.5800000,185.5900000,185.3000000,185.5500000,155020
20200725,000000,185.5200000,185.6100000,185.3300000,185.4500000,296280
20200727,110000,185.6000000,185.9200000,184.6300000,184.6800000,3979610
20200727,120000,184.6800000,185.8900000,184.2000000,185.3000000,3804750
20200727,130000,185.3000000,185.8400000,185.0100000,185.6600000,1406580
20200727,140000,185.6800000,185.6800000,185.0000000,185.3800000,1138820
20200727,150000,185.3700000,185.4500000,185.0000000,185.3500000,1505460
20200727,160000,185.3600000,185.4700000,184.6000000,184.9200000,2748310
20200727,170000,184.8800000,185.1700000,184.5300000,184.7600000,2040180
20200727,180000,184.7900000,184.8700000,184.4400000,184.5200000,2489200
20200727,190000,184.5400000,184.6800000,184.2600000,184.2600000,2454820
20200727,200000,184.6600000,184.8600000,184.5100000,184.8000000,239730
20200727,210000,184.8000000,184.9400000,184.6900000,184.7800000,173020
20200727,220000,184.7000000,184.8800000,184.5900000,184.7200000,309510
20200727,230000,184.7300000,185.0900000,184.7200000,185.0000000,318310
20200728,000000,184.9900000,185.0300000,184.8500000,185.0300000,126210
20200728,110000,185.1300000,185.4600000,184.5000000,185.0700000,4193730
20200728,120000,185.0500000,185.2000000,184.2200000,184.5000000,2716390
20200728,130000,184.5000000,184.6700000,184.0500000,184.3000000,2111950
20200728,140000,184.2900000,184.4800000,183.9100000,184.4500000,2346550
20200728,150000,184.4500000,184.7600000,184.0700000,184.1000000,1657080
20200728,160000,184.1000000,184.3200000,183.6000000,183.8400000,2295730
20200728,170000,183.8400000,184.1400000,183.6900000,183.9900000,1945630
20200728,180000,184.0000000,184.3200000,183.9000000,184.0900000,3179680
20200728,190000,184.0900000,184.3000000,183.8900000,184.3000000,4750260
20200728,200000,184.0100000,184.3400000,184.0100000,184.2500000,344680
20200728,210000,184.2500000,184.3400000,184.1200000,184.3100000,208960
20200728,220000,184.2600000,184.3400000,184.2200000,184.2800000,137260
20200728,230000,184.3000000,184.3300000,183.9800000,184.1000000,467560
20200729,000000,184.1000000,184.3200000,183.9400000,184.3000000,278280
20200729,110000,184.5000000,184.5100000,183.4200000,184.3100000,4001720
20200729,120000,184.3600000,185.3500000,184.3600000,184.8800000,4909000
20200729,130000,184.8800000,184.9400000,184.3200000,184.4500000,1875770
20200729,140000,184.4400000,184.7400000,184.2100000,184.4000000,1217440
20200729,150000,184.4100000,184.8100000,184.2200000,184.7100000,974170
20200729,160000,184.6800000,184.9800000,184.2100000,184.4300000,1825550
20200729,170000,184.4300000,184.6700000,184.2300000,184.3700000,1557850
20200729,180000,184.3700000,184.5500000,183.9000000,184.1800000,4099860
20200729,190000,184.1800000,184.4400000,183.8500000,184.4400000,4816520
20200729,200000,184.3800000,184.5500000,184.1100000,184.4900000,498610
20200729,210000,184.4900000,184.6600000,184.3200000,184.3500000,710860
20200729,220000,184.3500000,184.6600000,184.2900000,184.4700000,493160
20200729,230000,184.5600000,184.9300000,184.1000000,184.6100000,767390
20200730,000000,184.6100000,184.7500000,184.5700000,184.6900000,134480
20200730,110000,184.4400000,184.7300000,183.7100000,184.1300000,3806360
20200730,120000,184.1300000,184.2200000,183.4500000,183.5200000,2306160
20200730,130000,183.5000000,183.7400000,183.1000000,183.4500000,3171380
20200730,140000,183.4100000,183.7000000,183.2100000,183.5600000,1319200
20200730,150000,183.5800000,183.6300000,183.2600000,183.4000000,1000620
20200730,160000,183.3900000,183.5500000,183.0000000,183.0300000,2537920
20200730,170000,183.0200000,183.1400000,182.1500000,182.2300000,4120330
20200730,180000,182.2000000,182.4000000,180.9100000,181.3200000,9105510
20200730,190000,181.3200000,181.6700000,181.0700000,181.5000000,4201160
20200730,200000,181.6000000,182.2900000,181.6000000,181.9900000,810920
20200730,210000,181.9900000,182.5300000,181.9500000,182.2000000,403420
20200730,220000,182.2000000,182.3800000,182.0500000,182.3400000,171380
20200730,230000,182.3200000,182.5300000,182.1000000,182.2900000,762950
20200731,000000,182.2900000,182.5200000,182.2700000,182.5200000,294440
20200731,110000,182.6000000,183.2300000,181.7100000,183.0300000,4501810
20200731,120000,183.0200000,183.6300000,182.9000000,183.3200000,3189200
20200731,130000,183.3200000,183.4500000,182.4000000,182.4300000,3568150
20200731,140000,182.4200000,182.7500000,181.8100000,182.0200000,1969810
20200731,150000,182.0600000,182.5500000,181.6400000,182.4000000,2805120
20200731,160000,182.3300000,184.8400000,182.2800000,184.1800000,9861150
20200731,170000,184.1800000,184.5000000,183.2000000,183.5200000,3787640
20200731,180000,183.5200000,183.5200000,182.0000000,182.7500000,6685800
20200731,190000,182.7000000,182.7200000,181.6800000,182.0200000,5732030
20200731,200000,181.6100000,182.3900000,181.6100000,182.1700000,1353650
20200731,210000,182.1700000,182.3700000,182.0700000,182.2100000,241170
20200731,220000,182.1800000,182.2900000,182.0300000,182.2400000,336190
20200731,230000,182.2400000,182.4400000,182.2000000,182.4200000,340150
20200801,000000,182.4400000,182.7400000,182.2800000,182.5900000,548130
20200803,110000,182.5100000,182.8700000,181.7200000,182.7000000,4169150
20200803,120000,182.7000000,183.5800000,182.5400000,183.2500000,3441040
20200803,130000,183.2500000,183.4000000,182.9000000,183.1100000,1871960
20200803,140000,183.1400000,184.0300000,183.1100000,183.8600000,4357770
20200803,150000,183.8600000,183.8900000,183.2200000,183.4000000,2383080
20200803,160000,183.4000000,183.7000000,183.2600000,183.4200000,1567240
20200803,170000,183.4400000,183.7000000,183.2000000,183.6000000,2183220
20200803,180000,183.6100000,183.8900000,183.1000000,183.3700000,3366520
20200803,190000,183.3900000,183.9000000,183.2500000,183.2500000,3497560
20200803,200000,183.4000000,183.6200000,183.3000000,183.6000000,362460
20200803,210000,183.6100000,183.7400000,183.4600000,183.6400000,395140
20200803,220000,183.6400000,183.7900000,183.6000000,183.7500000,240000
20200803,230000,183.7000000,183.8200000,183.3100000,183.6600000,614510
20200804,000000,183.6500000,183.7000000,183.5400000,183.6000000,202280
20200804,110000,184.0600000,184.6800000,182.9100000,182.9700000,7724050
20200804,120000,182.9100000,183.2700000,182.1700000,182.7400000,4170020
20200804,130000,182.7200000,182.9400000,182.5600000,182.7200000,1581340
20200804,140000,182.7400000,183.2600000,182.5500000,182.9700000,2291650
20200804,150000,182.9800000,183.1300000,182.5000000,182.6500000,1681490
20200804,160000,182.6500000,182.7800000,182.3500000,182.5300000,2116290
20200804,170000,182.5300000,183.1500000,182.4200000,183.1100000,1993360
20200804,180000,183.1200000,183.3500000,182.6000000,183.0600000,4270650
20200804,190000,183.0500000,183.1800000,182.6000000,183.0000000,5021710
20200804,200000,183.1500000,183.2600000,182.9500000,182.9700000,449670
20200804,210000,183.0500000,183.2000000,182.8800000,183.1700000,377520
20200804,220000,183.1100000,183.2800000,183.0500000,183.2700000,306970
20200804,230000,183.2700000,183.3800000,183.1400000,183.3500000,199080
20200805,000000,183.3300000,183.4100000,183.2700000,183.3100000,245160
20200805,110000,183.5200000,184.1500000,183.3500000,183.5500000,5978500
20200805,120000,183.5500000,185.9400000,183.5100000,185.7000000,11479300
20200805,130000,185.7100000,187.5000000,184.8800000,187.4300000,11977440
20200805,140000,187.4200000,187.7500000,186.8000000,187.5300000,8240280
20200805,150000,187.5200000,188.3300000,187.3100000,188.0600000,7183530
20200805,160000,188.0600000,188.2800000,187.3000000,187.6500000,4591800
20200805,170000,187.6500000,188.1500000,187.3700000,187.7200000,4234020
20200805,180000,187.7300000,189.0300000,187.5500000,188.4900000,7140170
20200805,190000,188.4800000,189.9800000,188.3600000,189.6000000,11529330
20200805,200000,189.5000000,189.6400000,188.6300000,189.0000000,1329840
20200805,210000,188.9900000,189.0400000,188.5600000,188.7000000,572090
20200805,220000,188.7700000,189.0000000,188.6500000,188.9500000,438480
20200805,230000,188.9500000,189.0700000,188.8100000,189.0000000,344470
20200806,000000,189.0000000,189.1500000,188.8000000,189.1500000,384370
20200806,110000,189.5600000,189.7800000,187.5800000,187.7800000,8194470
20200806,120000,187.7100000,188.1000000,187.1300000,187.8500000,4417300
20200806,130000,187.8500000,188.7600000,187.7600000,188.1600000,4169520
20200806,140000,188.2000000,188.5200000,187.2400000,187.5000000,3467410
20200806,150000,187.4600000,188.2900000,187.3100000,187.9300000,2272540
20200806,160000,187.9400000,189.5800000,187.7200000,189.4300000,4391350
20200806,170000,189.4300000,189.9200000,188.8500000,189.4300000,5371600
20200806,180000,189.4300000,189.7500000,188.5100000,188.8000000,3649700
20200806,190000,188.8000000,188.9000000,188.0100000,188.2900000,5508170
20200806,200000,188.2200000,188.7700000,188.2200000,188.4800000,282450
20200806,210000,188.4700000,188.4800000,188.1700000,188.2700000,195270
20200806,220000,188.2600000,188.7500000,188.2100000,188.5900000,176180
20200806,230000,188.6400000,188.9000000,188.5200000,188.7700000,357740
20200807,000000,188.8500000,189.2500000,188.6500000,189.0700000,395750
20200807,110000,188.4400000,188.5700000,187.4100000,188.0000000,5095430
20200807,120000,187.9800000,188.0000000,186.4200000,186.7300000,5537100
20200807,130000,186.7300000,186.7300000,185.8100000,186.2400000,4528750
20200807,140000,186.2200000,187.1200000,185.8500000,186.4400000,2940680
20200807,150000,186.4900000,186.6100000,186.0200000,186.4000000,1407990
20200807,160000,186.4200000,187.1600000,186.0600000,186.7700000,2661320
20200807,170000,186.8500000,187.3100000,186.6000000,186.9000000,1643700
20200807,180000,186.9300000,187.2800000,186.6900000,187.0800000,1774190
20200807,190000,187.0400000,187.3200000,186.9000000,186.9000000,2057560
20200807,200000,186.9000000,187.2900000,186.9000000,187.0900000,195530
20200807,210000,187.1500000,187.1900000,187.0000000,187.0600000,238190
20200807,220000,187.0400000,187.1400000,187.0000000,187.0900000,191960
20200807,230000,187.0900000,187.2800000,186.9200000,187.2800000,360070
20200808,000000,187.2700000,187.3300000,187.0300000,187.2300000,176130
20200810,110000,187.4900000,188.8500000,187.4800000,188.4500000,4410890
20200810,120000,188.4700000,188.6000000,187.5800000,188.1100000,2755390
20200810,130000,188.1100000,188.6500000,188.0000000,188.6000000,2579450
20200810,140000,188.6100000,188.7000000,188.2300000,188.4100000,1579850
20200810,150000,188.4200000,188.4500000,187.8600000,188.0500000,1313020
20200810,160000,188.0500000,188.3300000,187.9300000,188.2000000,1133790
20200810,170000,188.2200000,188.4000000,187.5200000,188.1400000,2158990
20200810,180000,188.1100000,188.3900000,187.6100000,187.6900000,2670200
20200810,190000,187.7000000,187.7800000,186.8300000,186.8300000,4181330
20200810,200000,186.9900000,187.5000000,186.8400000,187.5000000,606690
20200810,210000,187.5000000,187.6200000,187.3500000,187.5400000,191030
20200810,220000,187.5400000,187.6000000,187.4700000,187.6000000,175150
20200810,230000,187.6000000,187.8000000,187.4100000,187.8000000,337540
20200811,000000,187.8000000,187.8000000,187.5500000,187.7000000,133250
20200811,110000,187.8800000,189.1700000,187.8800000,189.0400000,5895590
20200811,120000,189.0800000,189.3500000,188.7300000,189.1000000,3203450
20200811,130000,189.1000000,189.9200000,188.7900000,189.7600000,4446550
20200811,140000,189.7900000,191.4200000,189.6400000,191.3000000,8403960
20200811,150000,191.3300000,192.0000000,190.1000000,190.7200000,7498880
20200811,160000,190.7200000,191.3000000,190.3000000,191.0800000,3375900
20200811,170000,191.0800000,192.0000000,191.0300000,191.7900000,5982420
20200811,180000,191.7500000,191.9000000,191.0600000,191.8300000,3192990
20200811,190000,191.8300000,192.4000000,191.2400000,191.6500000,6893940
20200811,200000,191.3100000,191.6800000,191.2500000,191.2600000,418430
20200811,210000,191.2700000,191.5000000,191.0000000,191.1800000,576260
20200811,220000,191.1700000,191.2500000,190.7100000,190.9500000,506090
20200811,230000,190.9100000,190.9700000,189.6000000,189.7600000,1136130
20200812,000000,189.7900000,189.9900000,189.6100000,189.7000000,371490
20200812,110000,190.4700000,191.1000000,189.3200000,190.3600000,7084720
20200812,120000,190.3700000,190.8300000,189.8400000,190.1700000,2521920
20200812,130000,190.1500000,190.7400000,190.0600000,190.0900000,1884770
20200812,140000,190.0600000,190.6000000,190.0600000,190.5200000,1492330
20200812,150000,190.5200000,191.3500000,190.2800000,191.2800000,2628540
20200812,160000,191.2900000,191.9800000,191.1300000,191.9800000,3259690
20200812,170000,191.9500000,192.0000000,191.2600000,191.7400000,2604880
20200812,180000,191.7800000,192.3500000,191.5300000,192.3300000,4775350
20200812,190000,192.3400000,193.2900000,192.1100000,193.2900000,6552370
20200812,200000,192.9000000,193.1600000,192.1200000,192.3600000,970330
20200812,210000,192.4000000,193.0000000,192.3100000,192.9300000,624430
20200812,220000,192.9300000,193.0000000,192.7900000,192.8900000,425070
20200812,230000,192.8900000,192.9900000,192.5000000,192.6300000,507530
20200813,000000,192.6300000,192.9700000,192.6000000,192.8000000,251690
20200813,110000,192.5000000,192.6700000,191.4300000,191.9900000,5496880
20200813,120000,191.9900000,192.5000000,191.2500000,192.2500000,3315810
20200813,130000,192.2700000,193.7400000,192.1700000,193.1100000,5336850
20200813,140000,193.1200000,193.2900000,192.3700000,192.8900000,2571860
20200813,150000,192.8700000,193.5000000,192.8000000,193.3800000,1892100
20200813,160000,193.3700000,193.4500000,192.8000000,193.1100000,2523550
20200813,170000,193.1100000,193.5000000,192.5000000,193.5000000,2646980
20200813,180000,193.4800000,194.2000000,193.2000000,193.5900000,7033780
20200813,190000,193.5500000,194.4400000,193.1500000,194.4400000,5014910
20200813,200000,194.1300000,194.1300000,193.7100000,193.9000000,736330
20200813,210000,193.9000000,193.9000000,193.2300000,193.2800000,458290
20200813,220000,193.2800000,193.6300000,193.2400000,193.3000000,369930
20200813,230000,193.2500000,193.6900000,193.2300000,193.6900000,245540
20200814,000000,193.6900000,193.7800000,193.5200000,193.7600000,176890
20200814,110000,194.2500000,194.2500000,192.0600000,192.2700000,5693570
20200814,120000,192.2800000,192.3000000,191.0000000,191.2200000,4999010
20200814,130000,191.2000000,192.1700000,190.7100000,192.1000000,4327550
20200814,140000,192.1500000,192.9800000,191.8000000,192.8600000,2833590
20200814,150000,192.8600000,192.9400000,192.4500000,192.7500000,955600
20200814,160000,192.7700000,193.1400000,192.2900000,192.3700000,2355500
20200814,170000,192.3800000,192.7800000,192.0000000,192.5200000,2156810
20200814,180000,192.5200000,192.9600000,192.3000000,192.5100000,2269710
20200814,190000,192.5200000,193.0000000,192.3100000,193.0000000,3014560
20200814,200000,192.9900000,192.9900000,192.5000000,192.6600000,214040
20200814,210000,192.6600000,192.7700000,192.5500000,192.6500000,130720
20200814,220000,192.5800000,192.7800000,192.5500000,192.7000000,119910
20200814,230000,192.7400000,192.9200000,192.6300000,192.6900000,499750
20200815,000000,192.6900000,192.9000000,192.6900000,192.8300000,210000
20200817,110000,193.8400000,194.6800000,192.6400000,193.9300000,9645680
20200817,120000,193.9300000,194.1000000,193.3400000,193.5300000,3633400
20200817,130000,193.5400000,193.6300000,192.5000000,192.9500000,5169180
20200817,140000,192.9300000,193.1000000,192.2600000,192.4900000,2693910
20200817,150000,192.5000000,192.6000000,190.0500000,190.5100000,8704920
20200817,160000,190.5000000,191.1700000,189.2000000,189.2500000,9186400
20200817,170000,189.2600000,191.3000000,189.2100000,190.6700000,5268130
20200817,180000,190.6900000,190.8200000,189.5000000,190.1400000,4982360
20200817,190000,190.1400000,190.2300000,189.6000000,189.8100000,4444100
20200817,200000,190.1800000,190.4700000,189.7700000,190.2000000,612760
20200817,210000,190.2000000,190.5000000,190.1700000,190.5000000,280100
20200817,220000,190.5000000,190.5000000,190.2600000,190.4800000,443350
20200817,230000,190.3800000,190.4900000,190.2500000,190.4800000,234270
20200818,000000,190.4500000,190.5000000,190.3600000,190.4700000,379200
20200818,110000,190.0700000,191.3900000,189.2500000,191.2800000,4580220
20200818,120000,191.3300000,191.9500000,190.7600000,190.8500000,3163110
20200818,130000,190.8400000,191.3800000,190.5000000,191.0500000,1121170
20200818,140000,191.0600000,191.1800000,190.6900000,191.1700000,958310
20200818,150000,191.1500000,191.5600000,190.7200000,191.2600000,1403490
20200818,160000,191.2600000,191.7800000,190.2900000,190.4500000,3335880
20200818,170000,190.4200000,191.2900000,190.0700000,190.7000000,3412840
20200818,180000,190.7100000,190.7800000,189.8100000,190.4500000,5023800
20200818,190000,190.4000000,190.9400000,190.2500000,190.4100000,3981490
20200818,200000,190.7000000,190.8400000,190.4100000,190.8000000,126600
20200818,210000,190.8200000,190.8600000,190.4700000,190.5700000,136690
20200818,220000,190.5700000,190.7000000,190.3400000,190.6600000,148180
20200818,230000,190.5300000,190.6400000,190.2600000,190.2800000,190670
20200819,000000,190.2600000,190.6400000,190.1200000,190.3000000,193940
20200819,110000,190.5000000,191.0600000,189.7400000,190.4800000,2806700
20200819,120000,190.4800000,190.6400000,189.7600000,190.2100000,2953370
20200819,130000,190.2500000,190.6700000,190.2100000,190.2800000,1368820
20200819,140000,190.3100000,190.6000000,190.1100000,190.5000000,784440
20200819,150000,190.5400000,191.2500000,190.2700000,191.0400000,2756910
20200819,160000,191.0400000,191.9900000,191.0200000,191.6000000,3943110
20200819,170000,191.5900000,191.7100000,190.8600000,190.9000000,994690
20200819,180000,190.9000000,190.9800000,189.9200000,190.0400000,5273040
20200819,190000,190.0300000,190.1800000,189.3000000,189.3000000,7477350
20200819,200000,189.5000000,190.1800000,189.5000000,189.9900000,888590
20200819,210000,190.0000000,190.1000000,189.9000000,190.0400000,119010
20200819,220000,190.0300000,190.4800000,189.5000000,189.7700000,815940
20200819,230000,189.7500000,189.8000000,189.0000000,189.2100000,970790
20200820,000000,189.2000000,189.3700000,189.0900000,189.2600000,300230
20200820,110000,188.8000000,188.9400000,186.7600000,187.5000000,10424540
20200820,120000,187.4500000,187.6200000,186.6300000,187.4100000,6062650
20200820,130000,187.4100000,187.8500000,187.4100000,187.5500000,2028880
20200820,140000,187.5400000,187.9800000,187.3200000,187.8100000,2185230
20200820,150000,187.8200000,187.8900000,186.8000000,186.8800000,2173350
20200820,160000,186.8800000,187.2500000,186.7000000,187.2300000,1735320
20200820,170000,187.2400000,187.3000000,186.4500000,187.0800000,3591160
20200820,180000,187.0800000,187.6700000,186.6000000,187.3800000,2299670
20200820,190000,187.3800000,187.4000000,185.5800000,185.5800000,5374360
20200820,200000,185.7900000,186.2900000,185.6800000,186.1500000,555050
20200820,210000,186.1400000,186.6500000,186.1400000,186.5800000,287480
20200820,220000,186.4800000,186.6300000,186.4000000,186.5000000,276010
20200820,230000,186.5000000,186.7800000,186.4600000,186.6200000,393680
20200821,000000,186.6300000,186.9800000,186.6200000,186.9500000,262430
20200821,110000,187.2500000,187.7900000,186.3000000,187.4500000,3829430
20200821,120000,187.4600000,187.6500000,186.6300000,186.9800000,1965080
20200821,130000,186.9800000,187.6700000,186.7800000,187.3000000,1030470
20200821,140000,187.2800000,187.5300000,186.5300000,186.7600000,1433410
20200821,150000,186.8000000,187.0000000,183.8700000,183.9500000,7107580
20200821,160000,183.8900000,184.4300000,183.5000000,184.2000000,5050210
20200821,170000,184.1600000,184.9500000,183.5400000,184.6700000,3792860
20200821,180000,184.6900000,184.8000000,183.9000000,184.2200000,2752840
20200821,190000,184.2100000,184.6100000,183.7500000,183.7500000,5658660
20200821,200000,183.8000000,184.4800000,183.8000000,184.3500000,339370
20200821,210000,184.2400000,184.4300000,184.2000000,184.3000000,261880
20200821,220000,184.3000000,184.5100000,184.2000000,184.5000000,200140
20200821,230000,184.5000000,184.6800000,184.4500000,184.6100000,186770
20200822,000000,184.6100000,184.7100000,184.5100000,184.5100000,222000
20200824,110000,185.3700000,185.9300000,184.8400000,185.4500000,4103700
20200824,120000,185.4600000,185.7300000,185.2500000,185.4300000,2074840
20200824,130000,185.4200000,186.2800000,185.2400000,186.0900000,2242050
20200824,140000,186.0900000,186.1500000,185.7300000,186.1000000,1408050
20200824,150000,186.1300000,186.1300000,185.5400000,185.7300000,1158980
20200824,160000,185.7500000,185.9900000,185.1000000,185.9500000,1797980
20200824,170000,185.9500000,186.4400000,185.3700000,185.9800000,2152580
20200824,180000,185.9800000,187.4400000,185.8500000,186.6300000,5155040
20200824,190000,186.6100000,187.0000000,186.2500000,186.9900000,3116040
20200824,200000,186.9900000,187.0000000,186.5300000,186.6000000,326250
20200824,210000,186.5400000,186.7400000,186.4400000,186.7000000,228790
20200824,220000,186.7000000,187.0000000,186.6200000,186.8500000,200100
20200824,230000,186.8500000,186.9700000,186.7500000,186.9300000,130420
20200825,000000,186.9300000,187.1600000,186.8900000,187.1000000,169920
20200825,110000,187.4500000,187.9900000,186.4200000,186.5100000,3384370
20200825,120000,186.5000000,186.6500000,184.8600000,185.3900000,3760340
20200825,130000,185.3900000,186.1500000,185.1100000,185.6000000,1608110
20200825,140000,185.6000000,185.6700000,185.3600000,185.4400000,949190
20200825,150000,185.4500000,185.6700000,185.1500000,185.4100000,1261400
20200825,160000,185.4200000,185.6800000,184.7300000,185.5300000,2160560
20200825,170000,185.5500000,185.9000000,185.2000000,185.6400000,1589560
20200825,180000,185.6400000,186.4300000,185.3100000,185.7900000,2051700
20200825,190000,185.7900000,186.2400000,185.5100000,186.1000000,1866960
20200825,200000,186.1400000,186.3500000,185.8500000,186.0500000,284560
20200825,210000,186.0400000,186.1000000,185.8000000,186.0900000,235180
20200825,220000,186.1000000,186.2000000,185.9900000,186.1800000,162400
20200825,230000,186.2000000,186.2500000,186.1000000,186.2100000,143640
20200826,000000,186.2400000,186.2600000,186.1000000,186.2500000,94040
20200826,110000,186.2200000,186.2200000,185.0000000,185.1300000,4221760
20200826,120000,185.1300000,186.0500000,185.0200000,186.0200000,1809810
20200826,130000,186.0400000,186.3900000,185.7500000,186.0200000,1696220
20200826,140000,186.0300000,186.7900000,185.7500000,186.4300000,1881960
20200826,150000,186.4300000,186.5800000,186.1200000,186.3800000,1809370
20200826,160000,186.3800000,187.2000000,186.3300000,186.7500000,2065790
20200826,170000,186.7900000,187.0400000,186.2700000,186.8000000,2194580
20200826,180000,186.8000000,187.9900000,186.5000000,187.1800000,5383510
20200826,190000,187.2900000,187.8800000,186.7900000,187.8800000,2786020
20200826,200000,187.7000000,188.0000000,187.5700000,187.7100000,495230
20200826,210000,187.7100000,187.7600000,187.5400000,187.5400000,190880
20200826,220000,187.5400000,187.7500000,187.5000000,187.6500000,225380
20200826,230000,187.5800000,187.7000000,187.5600000,187.5900000,52380
20200827,000000,187.5900000,187.7000000,187.2000000,187.4800000,643450
20200827,110000,187.5000000,188.0100000,186.3200000,186.3800000,3938010
20200827,120000,186.4000000,186.4000000,185.5000000,185.8700000,3151720
20200827,130000,185.8700000,185.8900000,185.1800000,185.7100000,1857670
20200827,140000,185.7400000,185.8200000,185.1400000,185.4000000,1347970
20200827,150000,185.4000000,185.6100000,184.6100000,185.1100000,2791870
20200827,160000,185.0400000,185.3600000,182.6200000,183.9900000,12503690
20200827,170000,183.9900000,184.7700000,183.6800000,184.4200000,4959340
20200827,180000,184.4200000,184.7400000,183.9500000,184.2300000,2865160
20200827,190000,184.2300000,184.5800000,184.0100000,184.4800000,3176430
20200827,200000,184.2500000,184.5600000,184.0000000,184.1400000,510260
20200827,210000,184.1500000,184.3500000,184.0900000,184.3400000,185700
20200827,220000,184.3100000,184.7500000,184.3000000,184.7500000,501580
20200827,230000,184.7400000,184.8500000,184.4500000,184.7000000,285650
20200828,000000,184.7000000,184.7400000,184.5000000,184.5800000,108720
20200828,110000,184.9600000,185.2200000,183.2600000,183.8500000,4285260
20200828,120000,183.9300000,184.3200000,183.5900000,183.7000000,1113120
20200828,130000,183.7100000,184.0500000,183.1000000,184.0000000,4582720
20200828,140000,184.0000000,184.5300000,183.5800000,184.0400000,4007710
20200828,150000,184.0400000,184.5500000,183.9500000,183.9700000,1478600
20200828,160000,183.9700000,184.4500000,183.8400000,184.3200000,1058850
20200828,170000,184.3500000,184.3700000,183.8300000,184.2100000,1784500
20200828,180000,184.2100000,184.3000000,182.5500000,182.7600000,9659100
20200828,190000,182.7600000,183.2400000,182.4800000,182.4800000,4979490
20200828,200000,182.7500000,182.9200000,182.4900000,182.9200000,431340
20200828,210000,182.9200000,182.9400000,182.7000000,182.9000000,258000
20200828,220000,182.9300000,182.9300000,182.7500000,182.8900000,179450
20200828,230000,182.9000000,183.1000000,182.7100000,183.0000000,334600
20200829,000000,183.0000000,183.0900000,182.8800000,182.9000000,138340
20200831,110000,183.1200000,184.2800000,183.1100000,183.6300000,4394050
20200831,120000,183.6300000,184.0400000,183.1700000,183.7900000,2478910
20200831,130000,183.7900000,183.9500000,183.2000000,183.2700000,1064810
20200831,140000,183.3000000,183.3000000,182.1100000,182.4000000,3848610
20200831,150000,182.4600000,182.7500000,182.1100000,182.5200000,1585680
20200831,160000,182.5200000,182.6000000,182.1100000,182.2100000,1526420
20200831,170000,182.2100000,182.6500000,181.2000000,181.3500000,6178070
20200831,180000,181.3300000,181.4900000,180.5100000,180.7700000,7313780
20200831,190000,180.7700000,181.0900000,180.6400000,180.7200000,16843100
20200831,200000,180.9900000,181.2300000,180.8300000,181.0900000,524220
20200831,210000,181.1500000,181.3000000,181.0000000,181.1700000,741910
20200831,220000,181.2300000,181.4900000,180.9500000,181.2600000,521710
20200831,230000,181.2500000,181.4300000,181.1000000,181.2800000,233720
20200901,000000,181.2800000,181.3300000,181.0000000,181.0100000,204540
20200901,110000,181.4000000,183.3600000,181.0100000,183.2600000,11105650
20200901,120000,183.2800000,183.8100000,182.7200000,182.8300000,6304640
20200901,130000,182.8100000,183.4300000,182.6300000,183.1700000,2081010
20200901,140000,183.1700000,183.8000000,183.0000000,183.6800000,2260960
20200901,150000,183.7000000,184.6000000,183.5300000,184.3300000,6028800
20200901,160000,184.3400000,184.8300000,183.0600000,183.2000000,5507120
20200901,170000,183.1600000,184.2300000,182.8300000,183.8600000,4178980
20200901,180000,183.8700000,184.8700000,183.8200000,184.1900000,4287820
20200901,190000,184.2000000,184.5200000,183.5100000,183.5100000,5047030
20200901,200000,183.7600000,184.0900000,183.7600000,183.8700000,298130
20200901,210000,183.8500000,183.9700000,183.5100000,183.8500000,229620
20200901,220000,183.8500000,183.9400000,183.7800000,183.8900000,148370
20200901,230000,183.8900000,183.9100000,183.6100000,183.8900000,332510
20200902,000000,183.8900000,184.2300000,183.8000000,184.2200000,196840
20200902,110000,184.8000000,185.0500000,183.6900000,183.7900000,3186430
20200902,120000,183.7900000,184.3800000,183.4000000,183.8000000,2835120
20200902,130000,183.8600000,184.9900000,183.5200000,184.8300000,5281350
20200902,140000,184.7900000,185.6000000,184.2900000,185.2100000,3800850
20200902,150000,185.2000000,186.2900000,185.0100000,185.7000000,3835150
20200902,160000,185.6800000,185.8600000,185.0900000,185.6100000,2137860
20200902,170000,185.6000000,185.8100000,182.8000000,182.9400000,8868870
20200902,180000,182.9900000,183.4700000,181.1000000,181.8200000,11488400
20200902,190000,181.8400000,182.5400000,181.7000000,182.0100000,6697650
20200902,200000,182.2100000,182.4700000,181.7500000,182.3700000,591570
20200902,210000,182.3700000,182.6800000,182.1700000,182.1700000,392800
20200902,220000,182.2500000,182.2900000,181.9000000,181.9900000,432760
20200902,230000,181.9900000,182.3000000,181.9000000,182.1700000,436730
20200903,000000,182.2600000,182.3700000,181.9500000,181.9500000,253580
20200903,110000,182.4000000,182.5900000,181.4400000,181.8600000,7306460
20200903,120000,181.8600000,182.5500000,181.3200000,182.2100000,4120920
20200903,130000,182.2300000,182.4700000,180.3000000,180.3000000,7815440
20200903,140000,180.3000000,180.6500000,179.2000000,180.0300000,9583400
20200903,150000,180.0300000,180.6000000,178.8500000,180.5300000,7024650
20200903,160000,180.5500000,180.6800000,179.1100000,179.4400000,4507550
20200903,170000,179.3700000,180.2200000,178.6000000,180.1500000,9274130
20200903,180000,180.1500000,180.2700000,179.1500000,179.6100000,4428680
20200903,190000,179.5700000,180.0100000,178.8000000,180.0100000,6887200
20200903,200000,179.9400000,180.1500000,179.5300000,179.6200000,520970
20200903,210000,179.7000000,179.7000000,179.2000000,179.5400000,503530
20200903,220000,179.5400000,179.6900000,179.2600000,179.4000000,254630
20200903,230000,179.4200000,179.5000000,179.3000000,179.4000000,359430
20200904,000000,179.3900000,179.4500000,179.1100000,179.1300000,321730
20200904,110000,178.9800000,180.5600000,178.0100000,179.8200000,12963380
20200904,120000,179.9300000,180.1900000,179.4300000,179.5300000,2544410
20200904,130000,179.5100000,179.6200000,178.0000000,178.9100000,4295710
20200904,140000,178.8800000,179.3500000,178.5800000,179.1400000,2080560
20200904,150000,179.1100000,179.2100000,178.3100000,178.4200000,2034580
20200904,160000,178.4200000,179.1000000,178.1100000,179.1000000,3362210
20200904,170000,179.1000000,179.4400000,178.6100000,178.8800000,3145690
20200904,180000,178.9000000,179.4700000,178.2900000,178.9400000,3696660
20200904,190000,178.9300000,179.0000000,178.0600000,178.3600000,5488020
20200904,200000,178.4000000,179.0000000,178.4000000,178.8600000,600000
20200904,210000,178.8500000,178.8700000,178.5500000,178.8400000,277900
20200904,220000,178.8400000,179.3000000,178.8000000,179.3000000,715990
20200904,230000,179.3000000,180.0100000,179.1300000,179.7700000,1357640
20200905,000000,179.7400000,179.8800000,179.5000000,179.5500000,446120
20200907,110000,178.8200000,179.4900000,178.4800000,179.2400000,2904210
20200907,120000,179.2400000,179.7500000,178.6900000,178.9600000,2691460
20200907,130000,178.9100000,179.0200000,176.8700000,177.1300000,6950760
20200907,140000,177.1500000,177.7400000,175.9400000,176.8300000,10123480
20200907,150000,176.8000000,177.1600000,176.2200000,176.3700000,3341460
20200907,160000,176.3700000,176.8500000,176.1600000,176.8000000,2141340
20200907,170000,176.7900000,177.3300000,176.3800000,176.6000000,4039820
20200907,180000,176.6000000,177.3500000,176.4000000,177.2700000,2224510
20200907,190000,177.3000000,177.6800000,176.9600000,176.9600000,3318120
20200907,200000,177.1900000,177.3900000,177.0300000,177.3100000,312690
20200907,210000,177.3100000,177.3300000,177.0000000,177.0300000,257900
20200907,220000,177.0300000,177.2000000,177.0000000,177.0600000,278520
20200907,230000,177.0200000,177.1900000,177.0000000,177.1000000,249150
20200908,000000,177.0500000,177.1800000,177.0000000,177.0400000,150170
20200908,110000,177.0000000,177.4300000,175.3000000,175.3000000,7167610
20200908,120000,175.3400000,175.9500000,175.1500000,175.4100000,4667860
20200908,130000,175.4200000,175.6800000,175.2000000,175.3700000,3190650
20200908,140000,175.3700000,175.4100000,174.0100000,174.4700000,10355550
20200908,150000,174.4700000,174.4800000,172.4000000,173.3300000,11048910
20200908,160000,173.3200000,173.9700000,173.0500000,173.2600000,5100090
20200908,170000,173.2600000,173.9600000,172.5100000,173.1200000,5770780
20200908,180000,173.1500000,174.3000000,172.6500000,172.6500000,7147930
20200908,190000,172.6500000,173.3600000,172.5400000,172.5700000,7422620
20200908,200000,172.6500000,173.2700000,172.6500000,173.0600000,515160
20200908,210000,173.1000000,173.2000000,173.0100000,173.1700000,214160
20200908,220000,173.1800000,173.1900000,172.5800000,172.9600000,550360
20200908,230000,173.0000000,173.0000000,172.6800000,172.8000000,393610
20200909,000000,172.8500000,173.0000000,172.7500000,172.9500000,292370
20200909,110000,172.7800000,175.3500000,172.3300000,174.8300000,8349190
20200909,120000,174.8400000,175.2000000,172.9200000,173.2900000,6101490
20200909,130000,173.2600000,174.1400000,172.8900000,173.7400000,3167720
20200909,140000,173.7300000,174.5500000,173.6100000,174.1500000,1842980
20200909,150000,174.1500000,174.4600000,173.6500000,174.4200000,1276460
20200909,160000,174.4200000,174.6900000,173.7400000,173.7900000,2756300
20200909,170000,173.8000000,174.0300000,172.9000000,173.5100000,5230420
20200909,180000,173.5500000,174.1000000,173.1100000,173.5900000,4050110
20200909,190000,173.6000000,174.1400000,172.7000000,172.7000000,7374420
20200909,200000,172.8600000,173.3400000,172.8600000,173.2800000,620970
20200909,210000,173.2700000,173.3900000,173.1500000,173.1800000,213020
20200909,220000,173.1800000,173.3800000,173.1600000,173.3600000,227220
20200909,230000,173.3700000,173.7700000,173.3600000,173.4400000,481530
20200910,000000,173.4200000,173.8000000,173.3600000,173.6900000,275210
20200910,110000,173.8000000,174.3000000,172.5100000,172.7500000,6143380
20200910,120000,172.7600000,173.0700000,171.5000000,171.6100000,5904170
20200910,130000,171.6100000,172.3500000,171.1100000,172.3100000,3666680
20200910,140000,172.3100000,172.5800000,171.8700000,172.0800000,1457990
20200910,150000,172.1000000,172.8900000,171.7200000,172.7800000,1752870
20200910,160000,172.7800000,173.4900000,172.6300000,173.1900000,2914150
20200910,170000,173.1900000,174.3800000,173.1600000,173.8200000,4845590
20200910,180000,173.8000000,174.2700000,173.2000000,173.2900000,2646660
20200910,190000,173.2800000,174.4500000,173.1900000,174.2700000,2576810
20200910,200000,174.2200000,174.6400000,173.8400000,174.0500000,789460
20200910,210000,174.1300000,174.2000000,174.0100000,174.1200000,137880
20200910,220000,174.1200000,174.3200000,173.5700000,173.8500000,541630
20200910,230000,173.8400000,173.9900000,173.6300000,173.6300000,430030
20200911,000000,173.6400000,173.8000000,173.5700000,173.8000000,204870
20200911,110000,174.3300000,174.4900000,173.1000000,174.0500000,3142710
20200911,120000,174.0400000,175.3500000,173.9400000,174.9100000,4049600
20200911,130000,174.8800000,175.9500000,174.6500000,175.7300000,3453390
20200911,140000,175.7200000,177.3400000,175.5600000,177.0900000,7047970
20200911,150000,177.0900000,177.7000000,176.8000000,177.2400000,3480180
20200911,160000,177.2400000,177.3600000,176.4000000,176.6000000,2942440
20200911,170000,176.5700000,177.6000000,176.5200000,177.3000000,3086050
20200911,180000,177.3000000,178.2700000,177.1600000,177.9700000,4124980
20200911,190000,177.9500000,178.1500000,177.0400000,177.9400000,4420350
20200911,200000,177.8900000,177.9700000,177.5500000,177.8700000,204320
20200911,210000,177.8000000,178.1000000,177.7500000,177.8000000,278140
20200911,220000,177.7900000,177.9500000,177.7900000,177.9400000,128970
20200911,230000,177.8900000,178.0000000,177.8000000,177.9800000,262040
20200912,000000,177.9900000,178.2200000,177.9700000,178.0500000,268580
20200914,110000,178.4500000,180.8000000,178.3100000,180.0400000,9211530
20200914,120000,180.0600000,180.2800000,178.9200000,179.0800000,4759190
20200914,130000,179.1300000,179.6100000,178.5700000,179.1800000,3978040
20200914,140000,179.2000000,179.9900000,179.0200000,179.7200000,1904380
20200914,150000,179.7000000,179.7200000,178.6500000,178.8600000,2622040
20200914,160000,178.8600000,178.9100000,177.8000000,178.0800000,3730580
20200914,170000,178.0500000,179.1600000,177.8500000,178.6600000,2467690
20200914,180000,178.6700000,179.3000000,178.6000000,179.2200000,2145550
20200914,190000,179.1900000,179.2800000,177.5200000,177.6000000,5254240
20200914,200000,177.6000000,178.2900000,177.6000000,178.1000000,622170
20200914,210000,178.1000000,178.2700000,177.8200000,177.9000000,288230
20200914,220000,177.9000000,178.2400000,177.8100000,178.1000000,147000
20200914,230000,178.1600000,178.2700000,177.8800000,178.1300000,276930
20200915,000000,178.1000000,178.2500000,177.9500000,178.1900000,156350
20200915,110000,178.1300000,178.8900000,178.0100000,178.6300000,3159550
20200915,120000,178.6400000,180.2200000,178.4500000,180.0700000,4924730
20200915,130000,180.0700000,180.5800000,179.7300000,180.3100000,3502760
20200915,140000,180.3000000,181.3300000,180.1700000,181.0900000,4802600
20200915,150000,181.0300000,181.7800000,180.6700000,181.4900000,4578440
20200915,160000,181.4900000,182.2000000,181.4000000,181.6700000,4706270
20200915,170000,181.6900000,182.4700000,181.2600000,182.2500000,4957260
20200915,180000,182.2500000,182.5000000,181.8100000,181.8900000,3781920
20200915,190000,181.9000000,182.8500000,181.7100000,182.8500000,4731770
20200915,200000,182.5800000,182.9500000,182.5800000,182.9000000,706650
20200915,210000,182.8800000,182.9500000,182.7800000,182.8100000,510740
20200915,220000,182.8100000,182.8500000,182.5200000,182.7700000,408880
20200915,230000,182.7300000,182.7700000,182.1500000,182.3000000,722210
20200916,000000,182.3200000,182.4400000,181.7400000,182.2200000,951320
20200916,110000,182.6900000,184.1600000,182.6700000,182.7400000,8116080
20200916,120000,182.7300000,183.1900000,182.0700000,182.1300000,3728960
20200916,130000,182.1300000,182.5500000,181.3500000,181.5400000,3304830
20200916,140000,181.5300000,182.3500000,181.4900000,181.8100000,2699740
20200916,150000,181.8300000,182.2500000,181.5400000,181.7500000,2072150
20200916,160000,181.7500000,182.3000000,181.7200000,182.0900000,2256590
20200916,170000,182.1000000,182.4900000,181.8000000,182.1400000,2661060
20200916,180000,182.1500000,183.6500000,182.1500000,183.5200000,5554680
20200916,190000,183.5100000,183.8000000,183.3200000,183.8000000,4216880
20200916,200000,183.8000000,183.8000000,182.9300000,183.2500000,713190
20200916,210000,183.2500000,183.2500000,182.7100000,182.9000000,616170
20200916,220000,182.8500000,183.5200000,182.8400000,183.3100000,808040
20200916,230000,183.4100000,183.5000000,183.3400000,183.3800000,273680
20200917,000000,183.4000000,183.4400000,183.0900000,183.2600000,348200
20200917,110000,181.7800000,182.3000000,181.4100000,182.0000000,5507980
20200917,120000,182.0000000,182.1700000,180.8800000,181.0600000,5542970
20200917,130000,181.0500000,181.2300000,180.3400000,180.6900000,3963810
20200917,140000,180.6600000,181.3800000,180.5000000,181.0800000,3327430
20200917,150000,181.0800000,182.0800000,180.9400000,181.6300000,2908930
20200917,160000,181.6400000,183.1300000,181.6400000,182.8000000,9252970
20200917,170000,182.8300000,183.7000000,182.2500000,183.5000000,5624090
20200917,180000,183.5100000,183.9800000,183.1500000,183.3700000,3492480
20200917,190000,183.3800000,184.8400000,183.3500000,184.5000000,8202740
20200917,200000,184.0100000,184.4800000,183.4200000,183.7900000,932540
20200917,210000,183.7900000,183.8000000,183.5400000,183.8000000,210020
20200917,220000,183.8000000,183.9900000,183.5100000,183.7900000,238840
20200917,230000,183.7900000,183.9300000,183.6500000,183.7300000,245350
20200918,000000,183.7300000,183.9800000,183.7100000,183.9000000,213060
20200918,110000,184.4000000,184.7000000,182.5600000,182.7200000,4051910
20200918,120000,182.7500000,182.9600000,182.3300000,182.5300000,1520350
20200918,130000,182.5100000,183.4900000,182.4500000,183.2400000,1345000
20200918,140000,183.2500000,183.8000000,183.0600000,183.8000000,1600910
20200918,150000,183.8000000,184.0900000,183.0100000,183.1700000,2264590
20200918,160000,183.1700000,183.9000000,182.6300000,183.7000000,2828910
20200918,170000,183.6900000,184.4000000,183.5700000,184.2800000,3400330
20200918,180000,184.2600000,184.4700000,183.3000000,183.3600000,3680410
20200918,190000,183.3700000,183.3700000,181.6000000,181.6000000,21889380
20200918,200000,181.9700000,182.3300000,181.4200000,181.5000000,992540
20200918,210000,181.4900000,181.6600000,181.3400000,181.5500000,527730
20200918,220000,181.4700000,181.7900000,181.3500000,181.6200000,435240
20200918,230000,181.5600000,182.0000000,181.5200000,181.6100000,415730
20200919,000000,181.7200000,181.9100000,181.5000000,181.5200000,262670
20200921,110000,181.3600000,181.3600000,178.8400000,179.2800000,10020780
20200921,120000,179.3000000,179.8300000,178.3400000,178.4000000,4697570
20200921,130000,178.4000000,179.1400000,177.6600000,177.7000000,3901210
20200921,140000,177.6700000,178.4200000,177.1700000,177.8800000,3645410
20200921,150000,177.8500000,178.1800000,177.2200000,177.6600000,2313340
20200921,160000,177.6600000,177.6600000,176.2200000,176.7400000,3408540
20200921,170000,176.7400000,177.1300000,175.7900000,176.7000000,3439250
20200921,180000,176.6100000,176.8300000,175.3600000,175.4700000,3997720
20200921,190000,175.4600000,176.1000000,175.4500000,175.9000000,3773300
20200921,200000,176.1300000,176.7000000,176.0000000,176.6300000,671820
20200921,210000,176.6300000,176.7800000,176.5100000,176.7100000,367980
20200921,220000,176.7400000,176.7600000,176.5000000,176.6700000,245610
20200921,230000,176.6700000,177.3000000,176.6000000,177.2500000,592690
20200922,000000,177.2400000,177.2900000,177.1400000,177.1700000,207740
20200922,110000,176.5800000,178.2000000,176.4200000,177.4800000,4270580
20200922,120000,177.4500000,180.9000000,177.4000000,180.0400000,9747470
20200922,130000,180.0600000,180.6500000,179.0700000,179.2000000,4016790
20200922,140000,179.2000000,180.1000000,179.0100000,179.5600000,2879520
20200922,150000,179.5600000,180.1500000,179.3500000,179.5900000,1841660
20200922,160000,179.5800000,180.0800000,179.2000000,179.7400000,1572500
20200922,170000,179.7900000,180.3700000,179.6400000,179.8600000,2143610
20200922,180000,179.8600000,180.3000000,179.0000000,179.2000000,3734140
20200922,190000,179.1300000,179.2600000,178.2700000,178.5000000,4326020
20200922,200000,178.6300000,178.9800000,178.1100000,178.3900000,547150
20200922,210000,178.2900000,178.7900000,178.1900000,178.5800000,337630
20200922,220000,178.6700000,179.1200000,178.5100000,178.5900000,444640
20200922,230000,178.6400000,178.9300000,178.5200000,178.7600000,222360
20200923,000000,178.7600000,179.1000000,178.7000000,179.0000000,296280
20200923,110000,179.8100000,180.1500000,177.6500000,180.0500000,6669760
20200923,120000,180.1000000,180.3700000,178.2000000,178.2100000,4315450
20200923,130000,178.2600000,179.0000000,177.9600000,178.5400000,2566160
20200923,140000,178.5400000,178.5700000,177.2300000,178.2500000,2577780
20200923,150000,178.2500000,179.0000000,178.1700000,178.5700000,1109920
20200923,160000,178.5600000,178.8600000,178.1300000,178.3100000,1437450
20200923,170000,178.3100000,178.9500000,177.5700000,177.6000000,3265030
20200923,180000,177.6000000,178.2500000,177.0000000,178.0200000,4351320
20200923,190000,177.9800000,178.2500000,177.5000000,177.5500000,3349860
20200923,200000,177.6500000,178.2800000,177.5100000,178.1300000,379520
20200923,210000,178.1300000,178.1600000,177.7600000,177.7700000,319650
20200923,220000,177.7700000,177.8200000,177.5000000,177.5000000,573180
20200923,230000,177.5500000,177.6900000,177.5000000,177.5000000,381400
20200924,000000,177.5400000,177.6200000,176.8100000,177.0000000,552300
20200924,110000,176.0000000,176.9200000,175.1400000,176.8500000,6615600
20200924,120000,176.7900000,176.8500000,175.4000000,176.1100000,2718010
20200924,130000,176.0500000,178.3000000,175.8100000,177.3800000,5053750
20200924,140000,177.3800000,178.1600000,177.3000000,178.0500000,1977150
20200924,150000,178.0500000,178.0500000,177.2000000,177.3700000,1671030
20200924,160000,177.4100000,177.4600000,176.3000000,176.5200000,2685210
20200924,170000,176.5400000,177.6700000,176.3000000,177.1500000,2470670
20200924,180000,177.2000000,178.4900000,177.1000000,177.5100000,4033200
20200924,190000,177.5000000,177.9600000,176.6700000,177.9600000,3084100
20200924,200000,178.0000000,178.1500000,171.9000000,174.8400000,14386370
20200924,210000,174.8300000,175.0000000,174.1000000,174.4800000,2893770
20200924,220000,174.5000000,174.6400000,173.8500000,174.1200000,1210400
20200924,230000,174.1300000,174.6700000,174.0800000,174.4500000,430050
20200925,000000,174.4400000,174.6600000,174.2000000,174.2300000,458230
20200925,110000,175.1200000,175.1700000,171.8000000,172.6800000,18966330
20200925,120000,172.6800000,173.8000000,172.5700000,173.2700000,3738190
20200925,130000,173.2700000,173.3300000,170.0700000,171.0300000,15670880
20200925,140000,171.0300000,171.1700000,169.8000000,170.8700000,11346190
20200925,150000,170.8900000,171.5900000,170.4800000,171.2600000,3506540
20200925,160000,171.2900000,171.3300000,169.6000000,170.8800000,8750890
20200925,170000,170.8500000,171.2700000,169.9000000,170.7000000,7726480
20200925,180000,170.7300000,171.6600000,170.2800000,170.4500000,6498310
20200925,190000,170.4500000,170.5200000,169.8800000,170.0700000,8669110
20200925,200000,170.0800000,173.1800000,170.0800000,172.3200000,6585040
20200925,210000,172.3700000,173.3900000,172.2500000,173.1000000,2070160
20200925,220000,173.1000000,173.3800000,172.8000000,173.2700000,1038950
20200925,230000,173.2700000,173.6900000,173.2000000,173.6600000,852670
20200926,000000,173.6200000,173.9400000,173.5000000,173.7700000,864330
20200928,110000,174.2400000,175.3800000,173.2100000,175.1000000,13557340
20200928,120000,175.1000000,175.1800000,173.5200000,173.6400000,5172860
20200928,130000,173.6200000,173.8900000,172.7100000,173.0500000,4022440
20200928,140000,173.0500000,173.7500000,172.4400000,173.0700000,3956300
20200928,150000,173.0700000,173.1500000,171.8200000,171.9900000,4404240
20200928,160000,171.9900000,172.9800000,171.9900000,172.5400000,2782690
20200928,170000,172.5400000,172.9100000,172.0000000,172.1900000,3009600
20200928,180000,172.1900000,172.7700000,171.7000000,171.9300000,5302780
20200928,190000,171.9300000,172.2500000,171.2900000,172.0900000,6294650
20200928,200000,172.0900000,172.4200000,171.9000000,172.3800000,682980
20200928,210000,172.3800000,172.6000000,172.1600000,172.5900000,361950
20200928,220000,172.5900000,172.7200000,172.5000000,172.7200000,341540
20200928,230000,172.7200000,172.7400000,172.5400000,172.6600000,189090
20200929,000000,172.6700000,172.7400000,172.5900000,172.7400000,319510
20200929,110000,172.7600000,173.4700000,171.3300000,171.5000000,7594520
20200929,120000,171.5000000,171.9900000,170.0000000,171.9000000,8028260
20200929,130000,171.9100000,172.9500000,171.6600000,172.8000000,3765050
20200929,140000,172.7700000,173.3800000,172.6300000,172.6800000,3993980
20200929,150000,172.7000000,173.4000000,172.0300000,172.3400000,3936090
20200929,160000,172.3700000,172.5900000,171.2900000,171.7300000,3456840
20200929,170000,171.7700000,172.2500000,171.4100000,171.9000000,4239400
20200929,180000,171.9000000,172.1900000,170.5500000,170.6200000,6715590
20200929,190000,170.6700000,171.4200000,170.5700000,170.6300000,5117730
20200929,200000,170.6500000,171.4900000,170.6000000,171.3900000,787240
20200929,210000,171.3500000,171.4000000,171.1000000,171.3500000,287330
20200929,220000,171.3500000,171.6400000,171.2200000,171.4300000,356490
20200929,230000,171.4400000,171.6000000,171.3500000,171.4000000,185240
20200930,000000,171.3900000,171.5700000,171.3600000,171.4400000,315840
20200930,110000,171.0200000,171.9800000,170.3300000,170.7100000,5723120
20200930,120000,170.7100000,171.1500000,170.2700000,170.7200000,3206290
20200930,130000,170.7200000,170.7200000,170.1000000,170.2600000,2723690
20200930,140000,170.2600000,171.0500000,170.1100000,170.7200000,3148590
20200930,150000,170.7200000,171.3500000,170.6100000,171.0000000,2979590
20200930,160000,171.0000000,171.0200000,170.0000000,170.4000000,5282270
20200930,170000,170.3400000,171.1500000,169.8000000,170.8600000,5496100
20200930,180000,170.8600000,171.7400000,170.8100000,171.2600000,8858700
20200930,190000,171.2600000,171.8000000,170.8700000,170.9500000,7376970
20200930,200000,171.1900000,171.7500000,171.1000000,171.2700000,565870
20200930,210000,171.2700000,171.4600000,171.2300000,171.3800000,228750
20200930,220000,171.3900000,171.7000000,171.1500000,171.2400000,405520
20200930,230000,171.2800000,171.4800000,171.0000000,171.3800000,473360
20201001,000000,171.3600000,171.3900000,169.9000000,169.9700000,2136280
20201001,110000,171.1800000,171.4000000,168.1000000,169.2200000,16138840
20201001,120000,169.2200000,169.4000000,168.1000000,168.1700000,7836140
20201001,130000,168.1900000,169.0900000,168.0000000,168.5500000,4174720
20201001,140000,168.5500000,168.9900000,168.3500000,168.6400000,2480080
20201001,150000,168.6300000,169.9900000,168.6100000,169.8000000,8127730
20201001,160000,169.8000000,169.8300000,169.3200000,169.6900000,2873800
20201001,170000,169.7000000,169.8900000,168.3800000,168.4500000,4599820
20201001,180000,168.4300000,168.7000000,168.0500000,168.3800000,5742750
20201001,190000,168.3900000,168.6000000,168.2000000,168.4000000,3436680
20201001,200000,168.5600000,168.5900000,168.1000000,168.3900000,850480
20201001,210000,168.3400000,168.5400000,168.3000000,168.4000000,512570
20201001,220000,168.4000000,168.4700000,168.1000000,168.2900000,834230
20201001,230000,168.2900000,169.5000000,167.9700000,168.4900000,2255940
20201002,000000,168.5000000,168.5300000,168.3000000,168.4000000,432590
20201002,110000,167.5000000,168.2400000,167.2200000,167.7500000,7810700
20201002,120000,167.7300000,168.4400000,167.6100000,167.9200000,3296890
20201002,130000,167.9200000,168.2400000,167.6100000,167.9200000,2198010
20201002,140000,167.9000000,168.9400000,167.8500000,168.6300000,4467810
20201002,150000,168.6500000,169.1000000,168.5600000,169.0000000,2760070
20201002,160000,168.9900000,169.0800000,168.8000000,169.0100000,3222900
20201002,170000,169.0100000,169.9500000,168.8600000,169.7500000,7063210
20201002,180000,169.7500000,169.9200000,169.4800000,169.8400000,3219110
20201002,190000,169.8300000,169.9200000,169.2600000,169.6000000,4441500
20201002,200000,169.7200000,169.8600000,169.4000000,169.7500000,505170
20201002,210000,169.7500000,169.8400000,169.5000000,169.6000000,289620
20201002,220000,169.6000000,169.6400000,169.4000000,169.4700000,213970
20201002,230000,169.4700000,169.5500000,169.4000000,169.5000000,374060
20201003,000000,169.4600000,169.5800000,169.3300000,169.4700000,328110
20201005,110000,170.1200000,170.8800000,168.5800000,169.0900000,9580210
20201005,120000,169.0500000,169.4900000,168.7200000,168.8400000,2732260
20201005,130000,168.8400000,169.4800000,168.7700000,169.1900000,1766310
20201005,140000,169.1700000,169.4100000,168.8500000,169.4000000,1171080
20201005,150000,169.4000000,170.2600000,169.2900000,169.8500000,3206270
20201005,160000,169.8500000,170.0800000,169.6300000,169.9100000,1073020
20201005,170000,169.9400000,169.9400000,169.0200000,169.0900000,3810740
20201005,180000,169.0800000,170.0000000,169.0100000,169.9300000,5047140
20201005,190000,169.9400000,170.2900000,169.3000000,169.9500000,5851200
20201005,200000,169.9500000,170.0900000,169.7200000,170.0400000,530310
20201005,210000,170.0500000,170.1400000,169.9500000,170.0700000,375310
20201005,220000,170.0700000,170.4500000,169.9800000,170.3800000,765100
20201005,230000,170.4000000,170.6500000,170.3500000,170.6300000,759030
20201006,000000,170.6200000,170.7500000,170.5100000,170.6400000,725040
20201006,110000,170.7000000,173.4100000,170.5000000,173.1100000,16428530
20201006,120000,173.1300000,173.3800000,172.5200000,172.8900000,5083040
20201006,130000,172.8700000,173.2900000,172.6000000,172.6600000,3672010
20201006,140000,172.6600000,172.8000000,172.5000000,172.6300000,2852530
20201006,150000,172.6500000,173.4100000,172.6000000,173.0300000,6661010
20201006,160000,173.0300000,173.1600000,172.6000000,173.0300000,3912190
20201006,170000,173.0100000,173.0400000,172.5000000,172.6400000,6067350
20201006,180000,172.6400000,172.9000000,172.2500000,172.4000000,7602170
20201006,190000,172.4000000,172.6800000,172.0500000,172.6800000,7101010
20201006,200000,172.6100000,172.8900000,172.3900000,172.7500000,415290
20201006,210000,172.7400000,172.8300000,172.6100000,172.7700000,269750
20201006,220000,172.7700000,173.0800000,172.2000000,172.3000000,1071650
20201006,230000,172.3000000,172.4300000,171.8500000,172.0000000,1877620
20201007,000000,172.0000000,172.1000000,171.3000000,171.3500000,1068830
20201007,110000,171.7500000,172.2600000,170.7500000,171.0700000,5936240
20201007,120000,171.0200000,171.1500000,168.5900000,169.3000000,14679960
20201007,130000,169.3500000,169.3500000,168.3200000,169.0000000,7408760
20201007,140000,169.0000000,169.0000000,167.6100000,167.8800000,9189570
20201007,150000,167.8800000,167.9300000,167.0400000,167.8200000,7837760
20201007,160000,167.8100000,168.2500000,167.5100000,167.9500000,3959830
20201007,170000,167.9400000,167.9500000,167.2700000,167.7000000,4571440
20201007,180000,167.7100000,168.0400000,167.3800000,167.5800000,2909880
20201007,190000,167.5800000,167.8400000,167.3200000,167.7800000,6826740
20201007,200000,167.7800000,167.8500000,167.5000000,167.7500000,559160
20201007,210000,167.7500000,168.2500000,167.7200000,168.1600000,693390
20201007,220000,168.2000000,168.3700000,167.9100000,168.3000000,468700
20201007,230000,168.3300000,168.3900000,168.0800000,168.2100000,519490
20201008,000000,168.2100000,168.2900000,168.1100000,168.2300000,239180
20201008,110000,168.1800000,168.8600000,167.5700000,167.6900000,5345530
20201008,120000,167.6900000,168.2500000,167.6000000,167.8500000,2799020
20201008,130000,167.8600000,168.2000000,167.6200000,167.9600000,1804410
20201008,140000,167.9800000,168.1300000,167.6000000,167.7100000,2647690
20201008,150000,167.7100000,167.9100000,167.0500000,167.1200000,4435180
20201008,160000,167.1200000,167.7700000,167.0700000,167.5500000,2607950
20201008,170000,167.5500000,167.5500000,166.4000000,166.6500000,5833390
20201008,180000,166.6700000,167.1700000,166.1500000,166.8100000,4280820
20201008,190000,166.8100000,167.0000000,166.4000000,167.0000000,4342530
20201008,200000,166.6300000,167.4900000,166.6000000,167.2400000,1078060
20201008,210000,167.2400000,167.4500000,167.1000000,167.2500000,386480
20201008,220000,167.2100000,167.6800000,167.2000000,167.6000000,390820
20201008,230000,167.6200000,167.6700000,167.2100000,167.4800000,465180
20201009,000000,167.4800000,167.5400000,167.3700000,167.4300000,204290
20201009,110000,167.8000000,167.9000000,166.3100000,166.6300000,7961520
20201009,120000,166.6300000,166.9000000,165.7700000,166.4100000,5743230
20201009,130000,166.4100000,167.5800000,166.3300000,167.2900000,5666550
20201009,140000,167.2900000,167.6300000,167.1100000,167.3800000,1821440
20201009,150000,167.3800000,168.1300000,167.1600000,167.8600000,3487850
20201009,160000,167.8700000,168.1100000,167.6700000,167.8500000,3991490
20201009,170000,167.8500000,168.1900000,167.5200000,167.8300000,4732270
20201009,180000,167.8300000,167.8500000,167.0200000,167.3300000,3729250
20201009,190000,167.3100000,167.3200000,167.0500000,167.0700000,2528340
20201009,200000,167.1000000,167.4400000,166.8400000,167.1200000,701640
20201009,210000,167.1000000,167.3000000,166.9000000,167.0900000,295260
20201009,220000,167.0900000,167.1800000,167.0100000,167.1800000,130690
20201009,230000,167.1500000,167.1800000,166.9900000,167.0000000,332240
20201010,000000,167.0000000,167.0500000,166.8500000,166.9700000,393140
20201012,110000,167.6600000,168.1800000,166.8700000,168.1300000,5175410
20201012,120000,168.1100000,169.3500000,168.0000000,169.0400000,12550980
20201012,130000,169.0400000,169.8000000,168.7700000,168.9800000,6102880
20201012,140000,169.0100000,169.4400000,168.8100000,169.2900000,2224230
20201012,150000,169.2900000,169.4300000,168.8300000,168.9900000,2073210
20201012,160000,168.9300000,169.0900000,168.4000000,169.0900000,1954880
20201012,170000,169.0600000,169.1000000,168.3300000,168.6100000,2616070
20201012,180000,168.5700000,169.1200000,168.4500000,168.7900000,2172920
20201012,190000,168.7900000,169.0000000,168.5300000,169.0000000,2642240
20201012,200000,169.0000000,169.3500000,168.7400000,168.9200000,504330
20201012,210000,168.9200000,169.1000000,168.8000000,168.9500000,241910
20201012,220000,168.9500000,169.0500000,168.9100000,168.9700000,155540
20201012,230000,168.9700000,169.0500000,168.9000000,169.0200000,210080
20201013,000000,169.0200000,169.1000000,168.9400000,169.0500000,274910
20201013,110000,169.1300000,169.3100000,167.7100000,168.1600000,4135330
20201013,120000,168.1500000,169.4700000,168.0700000,169.1900000,3018740
20201013,130000,169.1900000,169.2900000,168.8000000,168.9900000,2126100
20201013,140000,169.0100000,169.1000000,168.5100000,168.7600000,1449660
20201013,150000,168.8000000,168.9100000,168.1000000,168.2200000,1662570
20201013,160000,168.2200000,168.4800000,167.6400000,167.7700000,2835180
20201013,170000,167.7500000,168.0900000,167.0000000,167.2000000,5894790
20201013,180000,167.1900000,167.4800000,166.4000000,166.5000000,4951920
20201013,190000,166.5000000,166.5700000,165.8200000,166.0000000,6703170
20201013,200000,166.3000000,166.4400000,166.0300000,166.4300000,419130
20201013,210000,166.4300000,166.5700000,166.3000000,166.3800000,526130
20201013,220000,166.3800000,166.4500000,166.1600000,166.3100000,346910
20201013,230000,166.3100000,166.5900000,166.2800000,166.5500000,241700
20201014,000000,166.5500000,166.6000000,166.3400000,166.3700000,376660
20201014,110000,166.6100000,167.0800000,165.7100000,166.8200000,5373490
20201014,120000,166.8600000,167.6300000,166.6400000,167.2800000,3228210
20201014,130000,167.3000000,167.4200000,166.6300000,166.7800000,2079450
20201014,140000,166.7800000,167.1700000,166.2200000,166.5600000,2210030
20201014,150000,166.5600000,166.9100000,166.3300000,166.6500000,1368520
20201014,160000,166.6600000,167.2900000,166.6400000,167.2400000,1676160
20201014,170000,167.2400000,167.5800000,166.9300000,167.0200000,3142610
20201014,180000,167.0000000,167.0400000,166.3300000,166.6800000,3394270
20201014,190000,166.6900000,167.2900000,166.5000000,167.2900000,2956360
20201014,200000,167.2100000,167.2400000,166.8400000,167.1000000,377240
20201014,210000,167.1000000,167.1200000,167.0000000,167.0900000,173870
20201014,220000,167.0900000,167.2700000,167.0000000,167.1200000,232880
20201014,230000,167.1100000,167.3000000,167.0500000,167.2200000,281260
20201015,000000,167.2600000,167.3500000,167.1700000,167.2400000,185390
20201015,110000,166.8500000,168.8500000,166.5600000,167.8400000,8504650
20201015,120000,167.8800000,168.2000000,167.5200000,168.0600000,3494520
20201015,130000,168.0700000,168.1300000,167.5500000,167.8500000,3445610
20201015,140000,167.8900000,167.9500000,167.0100000,167.4500000,2721820
20201015,150000,167.4500000,167.5600000,166.3100000,166.5100000,3049440
20201015,160000,166.5100000,166.9300000,166.2700000,166.5500000,2230800
20201015,170000,166.5500000,166.5500000,166.0100000,166.2600000,4124630
20201015,180000,166.2600000,166.6000000,166.0000000,166.0100000,4966830
20201015,190000,166.0100000,166.9900000,166.0100000,166.9900000,5038990
20201015,200000,166.8100000,166.9000000,166.5700000,166.7400000,511070
20201015,210000,166.7400000,166.9700000,166.3500000,166.8600000,588840
20201015,220000,166.8600000,166.9300000,166.6200000,166.9000000,225130
20201015,230000,166.9000000,167.8500000,166.8600000,167.3800000,779680
20201016,000000,167.3800000,167.4900000,167.0100000,167.1600000,207400
20201016,110000,167.2200000,167.2500000,164.1600000,165.1800000,12608590
20201016,120000,165.2000000,165.3000000,164.5000000,164.8000000,4319860
20201016,130000,164.8100000,164.8400000,163.5600000,163.8500000,8533130
20201016,140000,163.8800000,164.6500000,163.6000000,164.4800000,2870790
20201016,150000,164.4800000,164.5800000,164.2100000,164.3700000,1043890
20201016,160000,164.3500000,165.1600000,164.2700000,164.8800000,3326660
20201016,170000,164.9400000,165.1000000,164.1300000,164.2900000,3384150
20201016,180000,164.2900000,164.4400000,163.7900000,164.2500000,5800000
20201016,190000,164.2500000,164.3400000,163.6100000,163.8000000,6211960
20201016,200000,163.9500000,164.0100000,163.7500000,163.9200000,420940
20201016,210000,163.9300000,164.0800000,163.8100000,163.8900000,425250
20201016,220000,163.8900000,164.0400000,163.8900000,163.9800000,307310
20201016,230000,163.9800000,164.0000000,163.7600000,163.8000000,498620
20201017,000000,163.8900000,163.9900000,163.8000000,163.9800000,651660
20201019,110000,164.7600000,165.6000000,164.2000000,165.1300000,6155990
20201019,120000,165.1500000,165.2100000,164.1700000,164.5500000,3081970
20201019,130000,164.5500000,164.5900000,163.0000000,163.8600000,6811400
20201019,140000,163.8000000,164.6900000,163.3800000,164.6500000,2259370
20201019,150000,164.6100000,164.6900000,164.2500000,164.3600000,1662490
20201019,160000,164.3200000,165.0300000,164.2000000,164.2800000,3333400
20201019,170000,164.2500000,164.3700000,163.6100000,164.3100000,3171640
20201019,180000,164.3300000,164.4600000,163.8000000,164.0000000,2092410
20201019,190000,164.0100000,164.0500000,163.4900000,163.9200000,3176180
20201019,200000,163.8900000,163.9800000,163.6400000,163.9000000,174940
20201019,210000,163.8700000,163.9000000,163.4100000,163.4700000,658670
20201019,220000,163.5000000,163.6100000,163.3000000,163.4400000,512680
20201019,230000,163.4300000,163.4700000,163.1000000,163.3500000,536060
20201020,000000,163.3500000,163.6000000,163.3400000,163.6000000,289660
20201020,110000,163.7400000,163.9900000,162.8000000,163.3500000,4509390
20201020,120000,163.3300000,164.1900000,163.2600000,163.7200000,2978180
20201020,130000,163.7200000,164.6000000,163.6700000,164.5600000,3757820
20201020,140000,164.6000000,166.8400000,164.5700000,166.6300000,12303480
20201020,150000,166.6000000,166.6600000,165.7200000,166.0500000,8720360
20201020,160000,166.0600000,166.1500000,165.1600000,166.0000000,4490790
20201020,170000,166.0000000,166.5600000,165.4800000,166.4100000,3018600
20201020,180000,166.4400000,166.6500000,166.0500000,166.4500000,3872820
20201020,190000,166.4000000,166.4500000,165.9600000,166.3900000,3853330
20201020,200000,165.6000000,166.8000000,165.6000000,166.7000000,625630
20201020,210000,166.7000000,167.1200000,166.4200000,166.7000000,1009070
20201020,220000,166.6900000,166.7900000,166.3500000,166.5700000,516660
20201020,230000,166.5700000,166.7500000,166.3100000,166.4300000,463720
20201021,000000,166.4200000,166.7100000,166.3700000,166.5300000,348180
20201021,110000,166.8000000,167.3000000,166.1500000,166.2000000,7095950
20201021,120000,166.2200000,166.3800000,164.6000000,164.6700000,6830130
20201021,130000,164.7000000,165.5700000,164.6000000,165.0200000,2703540
20201021,140000,165.0200000,165.3500000,164.5600000,164.8100000,2598930
20201021,150000,164.8100000,165.0600000,164.5200000,164.7400000,2165070
20201021,160000,164.7400000,165.1000000,164.6600000,164.9300000,1211370
20201021,170000,164.9300000,164.9400000,163.8700000,164.5600000,4161370
20201021,180000,164.5900000,164.8900000,164.1700000,164.5200000,3957470
20201021,190000,164.5200000,164.5200000,163.9600000,163.9600000,4352670
20201021,200000,164.1300000,164.5300000,163.9500000,164.0300000,740500
20201021,210000,164.0300000,164.3300000,163.9800000,164.2800000,236730
20201021,220000,164.2900000,164.4800000,164.2200000,164.4700000,232450
20201021,230000,164.4700000,164.5000000,164.3100000,164.4000000,177870
20201022,000000,164.4000000,164.4400000,164.2900000,164.3700000,214870
20201022,110000,163.8500000,164.9500000,163.6600000,164.5700000,4483210
20201022,120000,164.5800000,164.6900000,164.0200000,164.5800000,2583810
20201022,130000,164.5300000,164.9300000,164.4400000,164.6800000,2138120
20201022,140000,164.6700000,165.6700000,164.3100000,165.6000000,5503730
20201022,150000,165.6300000,166.5300000,165.4200000,165.9200000,4719280
20201022,160000,165.8900000,166.1700000,165.5400000,166.0500000,1775220
20201022,170000,166.0500000,166.2600000,164.9600000,165.1500000,5811690
20201022,180000,165.1400000,165.1500000,164.3900000,164.7500000,4186860
20201022,190000,164.7900000,165.2400000,164.3700000,165.0700000,6751020
20201022,200000,165.0700000,165.1900000,164.8000000,165.1000000,489860
20201022,210000,165.0800000,165.3000000,165.0600000,165.2800000,328870
20201022,220000,165.2800000,165.6000000,165.1200000,165.2600000,632210
20201022,230000,165.2200000,165.4800000,165.0900000,165.3600000,359790
20201023,000000,165.3500000,165.4500000,165.1600000,165.2700000,175810
20201023,110000,165.1500000,165.8800000,165.0100000,165.2400000,4156850
20201023,120000,165.2400000,165.5500000,164.6200000,165.0000000,4914570
20201023,130000,164.9600000,165.6500000,164.7500000,165.2700000,3974070
20201023,140000,165.2700000,165.6500000,164.7700000,164.8800000,3718600
20201023,150000,164.8700000,165.1800000,164.3900000,164.9400000,2242780
20201023,160000,164.9500000,165.0900000,164.7300000,165.0400000,1618600
20201023,170000,165.0400000,165.3900000,164.4500000,164.7800000,3298480
20201023,180000,164.7900000,165.6100000,164.7100000,165.1500000,3008580
20201023,190000,165.1500000,165.2500000,164.5200000,164.6600000,4356350
20201023,200000,164.6600000,164.8500000,164.5300000,164.8000000,392100
20201023,210000,164.8400000,164.9000000,164.7800000,164.8900000,185670
20201023,220000,164.8900000,164.9500000,164.8500000,164.8800000,275000
20201023,230000,164.9200000,164.9500000,164.8000000,164.9400000,387030
20201024,000000,164.9400000,164.9700000,164.8600000,164.9600000,381270
20201026,110000,164.4400000,164.9600000,163.8500000,164.5000000,5505470
20201026,120000,164.5000000,164.5900000,163.1300000,163.4000000,8415060
20201026,130000,163.4100000,163.7200000,163.2000000,163.4700000,3443760
20201026,140000,163.4200000,163.6700000,163.0200000,163.3500000,4340230
20201026,150000,163.3500000,163.4700000,162.5500000,162.6300000,5247270
20201026,160000,162.6700000,162.9600000,162.2600000,162.8100000,5554940
20201026,170000,162.7800000,163.0700000,162.1200000,162.2500000,5130900
20201026,180000,162.2500000,162.9400000,162.1700000,162.3600000,4230310
20201026,190000,162.3600000,162.6300000,162.1100000,162.1100000,5225860
20201026,200000,162.0000000,162.0000000,161.1000000,161.6600000,3804030
20201026,210000,161.6600000,161.9900000,161.6100000,161.9500000,1062230
20201026,220000,161.9500000,162.2400000,161.8000000,162.2200000,785610
20201026,230000,162.2000000,162.2200000,162.0000000,162.1100000,408420
20201027,000000,162.1100000,162.2200000,162.0500000,162.1700000,282250
20201027,110000,162.1800000,162.6200000,161.7600000,162.4500000,3415170
20201027,120000,162.4800000,162.5100000,160.7600000,161.1900000,6584790
20201027,130000,161.1200000,161.3000000,160.4000000,160.9400000,4241710
20201027,140000,160.9300000,161.2400000,160.5500000,160.9400000,4947730
20201027,150000,160.9400000,161.0700000,160.4000000,160.6400000,3780160
20201027,160000,160.6400000,160.6400000,160.1600000,160.4000000,2679760
20201027,170000,160.4000000,160.4600000,159.8100000,160.1200000,7544000
20201027,180000,160.1700000,160.3000000,159.0400000,159.0800000,8549440
20201027,190000,159.1100000,159.2900000,158.8000000,159.0800000,9821030
20201027,200000,158.9100000,159.2700000,158.2100000,159.2500000,3518500
20201027,210000,159.2500000,159.7500000,158.9000000,159.6900000,1386720
20201027,220000,159.6800000,159.7600000,159.2500000,159.4400000,730650
20201027,230000,159.4300000,159.5600000,159.2200000,159.3600000,514610
20201028,000000,159.3100000,159.4200000,159.0000000,159.2100000,554700
20201028,110000,158.9800000,158.9900000,156.6700000,157.2200000,13911170
20201028,120000,157.2200000,157.4900000,154.8000000,155.2400000,17614590
20201028,130000,155.2500000,155.8800000,154.4000000,155.7000000,7745080
20201028,140000,155.7000000,156.8800000,155.6100000,156.7600000,6384620
20201028,150000,156.7200000,156.8000000,155.8000000,156.6800000,3680710
20201028,160000,156.7100000,156.8000000,155.9100000,156.0300000,3622360
20201028,170000,156.0100000,156.1600000,155.0500000,155.4500000,5597130
20201028,180000,155.4800000,155.6700000,153.7300000,154.0100000,10888730
20201028,190000,154.0500000,154.9700000,153.7000000,153.7900000,10550400
20201028,200000,154.1700000,155.3000000,154.1700000,154.5800000,3174230
20201028,210000,154.5500000,155.1600000,154.5000000,155.0500000,887080
20201028,220000,155.0900000,155.1500000,154.7000000,155.0200000,979370
20201028,230000,155.0500000,155.1000000,154.8600000,155.0500000,836330
20201029,000000,155.0500000,155.1000000,154.1200000,154.3000000,986300
20201029,110000,155.0800000,156.7400000,154.9600000,155.7600000,8302860
20201029,120000,155.7100000,156.1200000,154.3100000,154.6300000,7505920
20201029,130000,154.5300000,155.9900000,154.5100000,155.8000000,3959670
20201029,140000,155.8100000,155.9400000,155.0200000,155.5500000,2697450
20201029,150000,155.5200000,155.6600000,154.8000000,154.8500000,2639470
20201029,160000,154.8600000,155.3500000,154.5300000,154.8500000,2560790
20201029,170000,154.8500000,155.3900000,154.2000000,155.2000000,5232150
20201029,180000,155.1700000,157.2200000,154.9100000,156.7800000,9308260
20201029,190000,156.7900000,156.8900000,155.5200000,155.5200000,6392920
20201029,200000,155.8800000,156.4900000,155.8100000,156.4100000,1457940
20201029,210000,156.4100000,156.7800000,156.4000000,156.6500000,394610
20201029,220000,156.6500000,156.9300000,156.6500000,156.8200000,633970
20201029,230000,156.8300000,157.3000000,156.7600000,156.8400000,998410
20201030,000000,156.8200000,156.9400000,156.5600000,156.7400000,668380
20201030,110000,155.0900000,155.6000000,154.1200000,155.1000000,7280930
20201030,120000,155.1100000,156.0900000,154.7600000,155.2900000,3973090
20201030,130000,155.2500000,156.0000000,155.0100000,155.8200000,2517920
20201030,140000,155.8300000,156.0600000,155.3100000,155.8300000,2799630
20201030,150000,155.8200000,156.2000000,155.5000000,155.8000000,3071390
20201030,160000,155.8200000,155.8500000,155.1500000,155.2700000,3667220
20201030,170000,155.2600000,155.4000000,154.6700000,155.1900000,4873580
20201030,180000,155.2200000,155.7500000,154.5800000,155.3600000,5282780
20201030,190000,155.3800000,155.7700000,155.0000000,155.0000000,4734430
20201030,200000,155.1000000,155.3000000,154.1700000,154.4700000,2217720
20201030,210000,154.4500000,154.4700000,154.0800000,154.1900000,804160
20201030,220000,154.2000000,154.4700000,154.1000000,154.3400000,409720
20201030,230000,154.3400000,154.4000000,154.2100000,154.2400000,556700
20201031,000000,154.3000000,154.3700000,154.2100000,154.2800000,471750
20201102,110000,153.9600000,153.9800000,151.9000000,153.4300000,11166040
20201102,120000,153.4300000,154.2700000,152.9600000,154.2000000,7278940
20201102,130000,154.2000000,155.3700000,153.9000000,155.2700000,7528390
20201102,140000,155.2300000,155.8000000,155.0000000,155.6300000,7915080
20201102,150000,155.6100000,156.7000000,155.6000000,156.6500000,7749000
20201102,160000,156.6500000,156.6700000,155.8400000,155.9600000,4585850
20201102,170000,155.9800000,156.5500000,155.5000000,155.8600000,5210720
20201102,180000,155.8700000,156.0400000,155.0500000,155.8200000,3761160
20201102,190000,155.8200000,156.8600000,155.3000000,156.5900000,6970770
20201102,200000,156.9200000,157.9800000,156.9200000,157.7800000,4837400
20201102,210000,157.8200000,157.9000000,157.3000000,157.5000000,886440
20201102,220000,157.4600000,157.7000000,157.1900000,157.3500000,568960
20201102,230000,157.3900000,157.8600000,157.3500000,157.7700000,578390
20201103,000000,157.7900000,157.8900000,157.4400000,157.7400000,563710
20201103,110000,158.2100000,158.9000000,157.4400000,158.8800000,8650980
20201103,120000,158.8900000,161.5800000,158.8100000,161.1000000,17514170
20201103,130000,161.1300000,161.2800000,160.1300000,160.4800000,8039110
20201103,140000,160.4800000,160.5000000,159.6200000,160.1800000,4735100
20201103,150000,160.1400000,160.8200000,159.9500000,160.7900000,3309340
20201103,160000,160.8000000,161.9200000,160.7800000,161.0400000,8899380
20201103,170000,161.0300000,161.0600000,160.3700000,160.7600000,2445860
20201103,180000,160.7800000,161.6500000,160.6700000,160.9600000,6290250
20201103,190000,160.9300000,161.1600000,160.5500000,160.5900000,6611000
20201103,200000,160.5000000,160.8300000,159.8600000,160.2200000,1984950
20201103,210000,160.2000000,160.9500000,160.2000000,160.5600000,802830
20201103,220000,160.5500000,160.7400000,160.3900000,160.3900000,411170
20201103,230000,160.4700000,160.6700000,160.3900000,160.5900000,359680
20201104,000000,160.5400000,161.0900000,160.5000000,161.0900000,1013180
20201105,110000,163.8100000,164.0000000,161.9900000,163.6100000,13232230
20201105,120000,163.5800000,165.0700000,163.2100000,163.3900000,14767550
20201105,130000,163.4000000,163.7900000,162.6100000,163.2700000,6241250
20201105,140000,163.2600000,163.3300000,162.6400000,162.8700000,4295060
20201105,150000,162.9000000,163.9800000,162.4200000,163.9800000,6860670
20201105,160000,163.9800000,164.2100000,163.3300000,164.0600000,4149710
20201105,170000,164.0600000,164.4200000,163.5600000,164.2500000,4547760
20201105,180000,164.2500000,165.2000000,164.1700000,164.8100000,6091100
20201105,190000,164.8100000,165.2500000,164.5200000,164.5900000,6399270
20201105,200000,164.5000000,164.7700000,163.8600000,163.8900000,2191320
20201105,210000,163.9200000,164.0300000,162.9000000,162.9800000,1868030
20201105,220000,162.9800000,163.6000000,162.9500000,163.4000000,740070
20201105,230000,163.4400000,164.5000000,163.4400000,164.3200000,993580
20201106,000000,164.3100000,164.4100000,163.4000000,163.7000000,638560
20201106,110000,163.0000000,163.0200000,162.0400000,162.7200000,6146440
20201106,120000,162.7400000,163.7300000,162.6000000,162.8100000,5277220
20201106,130000,162.7500000,162.8000000,162.0500000,162.0900000,4159320
20201106,140000,162.0900000,162.7500000,161.5200000,162.4900000,4544910
20201106,150000,162.4600000,162.8400000,162.2200000,162.3700000,3045820
20201106,160000,162.3700000,162.9400000,162.3700000,162.5200000,3046830
20201106,170000,162.5200000,164.7400000,162.4100000,164.2700000,5336970
20201106,180000,164.2500000,165.8400000,164.0500000,165.1100000,11044270
20201106,190000,165.1300000,165.2700000,164.7500000,165.2700000,6062380
20201106,200000,165.0200000,165.2000000,164.2500000,164.6600000,1309610
20201106,210000,164.6600000,164.7900000,164.4100000,164.5200000,388440
20201106,220000,164.5200000,164.7000000,164.4800000,164.5900000,272640
20201106,230000,164.6100000,164.7000000,164.5400000,164.7000000,313190
20201107,000000,164.7000000,165.0000000,164.5800000,164.9200000,685870
20201109,110000,166.7200000,166.9900000,165.6600000,166.1900000,7934050
20201109,120000,166.2000000,166.7000000,165.8200000,166.0100000,4245410
20201109,130000,166.0500000,166.2500000,164.9000000,165.0400000,5850480
20201109,140000,165.0200000,165.7500000,164.9500000,165.7000000,2443990
20201109,150000,165.6700000,167.3900000,165.2900000,167.3000000,9725570
20201109,160000,167.2500000,170.4000000,166.7600000,169.9900000,23551760
20201109,170000,170.0100000,170.3000000,168.8800000,169.7200000,13784540
20201109,180000,169.7600000,171.4400000,169.7600000,170.5800000,17594260
20201109,190000,170.5800000,171.5000000,170.5000000,171.5000000,12092590
20201109,200000,171.2400000,171.2500000,169.7200000,169.8900000,3053260
20201109,210000,169.9100000,170.2900000,169.5300000,170.2400000,1115190
20201109,220000,170.2400000,170.3500000,170.0000000,170.2200000,721430
20201109,230000,170.2200000,170.2900000,169.8200000,170.0400000,786840
20201110,000000,170.0600000,170.2700000,170.0300000,170.1300000,459190
20201110,110000,169.0300000,169.7600000,167.6300000,168.4600000,10834350
20201110,120000,168.4600000,170.8400000,168.3600000,169.9200000,10153060
20201110,130000,169.9700000,170.0400000,169.0000000,170.0000000,5021870
20201110,140000,170.0000000,170.4300000,168.8100000,169.6000000,5611610
20201110,150000,169.6000000,170.8300000,169.5700000,170.7900000,4589720
20201110,160000,170.7900000,172.7900000,170.2700000,172.7200000,10049360
20201110,170000,172.7500000,172.9700000,172.0300000,172.4900000,7310410
20201110,180000,172.4900000,173.5300000,172.4200000,173.5300000,11273500
20201110,190000,173.5100000,173.6400000,172.2000000,172.7600000,7998930
20201110,200000,172.2900000,173.0500000,172.2900000,172.7900000,1461800
20201110,210000,172.8400000,172.9900000,172.7000000,172.7500000,572140
20201110,220000,172.7700000,172.8700000,172.6100000,172.8200000,547810
20201110,230000,172.8200000,172.8900000,172.6200000,172.8300000,547050
20201111,000000,172.8300000,172.9200000,172.7800000,172.9200000,559430
20201111,110000,173.5000000,174.8100000,173.3000000,173.8500000,11336770
20201111,120000,173.8300000,175.1500000,172.6600000,173.1100000,11727770
20201111,130000,173.1500000,174.4200000,172.8100000,173.9300000,3756040
20201111,140000,173.9100000,174.2500000,173.5000000,174.2500000,3524530
20201111,150000,174.2300000,174.6000000,173.8100000,174.0800000,5233600
20201111,160000,174.0900000,174.1700000,172.2300000,172.4900000,6492800
20201111,170000,172.4900000,172.9900000,171.7000000,172.0300000,7599740
20201111,180000,172.0300000,173.4000000,172.0000000,173.2800000,4666740
20201111,190000,173.3000000,173.3500000,170.7100000,171.8600000,10269440
20201111,200000,171.9500000,172.4800000,171.4400000,172.0900000,2973230
20201111,210000,172.0900000,172.0900000,171.5500000,171.6200000,652380
20201111,220000,171.6200000,171.8500000,171.5000000,171.5200000,605680
20201111,230000,171.5200000,171.5700000,170.8200000,170.9200000,1530570
20201112,000000,170.9100000,171.2200000,170.2600000,170.5300000,1650940
20201112,110000,170.2000000,172.1400000,169.7500000,171.3500000,9226140
20201112,120000,171.3600000,172.2800000,171.2000000,171.3200000,5328350
20201112,130000,171.3200000,173.7700000,171.2300000,173.4300000,6570840
20201112,140000,173.4500000,174.6900000,173.0800000,174.2200000,9015950
20201112,150000,174.2300000,174.8700000,173.9000000,174.6900000,5626590
20201112,160000,174.6900000,174.8000000,172.2300000,172.4100000,8021690
20201112,170000,172.4200000,174.2300000,172.4200000,173.9700000,4804090
20201112,180000,173.9500000,174.4400000,173.5400000,174.1800000,4910600
20201112,190000,174.2000000,175.3000000,173.6200000,174.3000000,12917870
20201112,200000,174.3000000,175.0000000,173.6000000,174.1400000,1881840
20201112,210000,174.1000000,174.1700000,173.7000000,173.7900000,645170
20201112,220000,173.7900000,173.8400000,173.6700000,173.8000000,641860
20201112,230000,173.7800000,173.8600000,172.8000000,173.0000000,1600130
20201113,000000,173.0000000,173.0900000,172.7800000,172.9100000,726030
20201113,110000,172.8800000,178.8100000,172.4200000,177.3600000,22740240
20201113,120000,177.3700000,178.6400000,176.5600000,178.1100000,18367370
20201113,130000,178.1200000,178.3900000,177.6100000,177.7900000,6538550
20201113,140000,177.8000000,179.9000000,177.7100000,179.3800000,14659160
20201113,150000,179.3800000,179.7300000,178.2700000,179.6500000,9829720
20201113,160000,179.6700000,179.9000000,178.8400000,178.9300000,7400520
20201113,170000,178.9000000,179.5500000,178.3300000,178.7000000,6716510
20201113,180000,178.7000000,179.1600000,178.4200000,179.0000000,3340220
20201113,190000,179.0100000,179.7900000,178.9300000,179.5000000,4835560
20201113,200000,179.5000000,179.6500000,179.2400000,179.2600000,976960
20201113,210000,179.3000000,179.6500000,179.2900000,179.6400000,845260
20201113,220000,179.6400000,181.2700000,179.6000000,181.1000000,4610690
20201113,230000,181.1500000,181.1900000,179.8800000,180.1000000,2340780
20201114,000000,180.0600000,180.4000000,179.7000000,180.3000000,1401380
20201116,110000,181.0200000,182.8100000,181.0200000,182.2200000,14961040
20201116,120000,182.2500000,182.4400000,180.3000000,180.5400000,10501830
20201116,130000,180.5400000,182.2000000,180.5300000,182.1300000,5986010
20201116,140000,182.0700000,182.2700000,181.6100000,181.9500000,3801100
20201116,150000,181.9400000,183.0000000,181.5000000,182.9500000,6119540
20201116,160000,182.9900000,183.2800000,182.5300000,182.8400000,7427060
20201116,170000,182.8400000,184.7300000,182.7100000,184.7300000,13037920
20201116,180000,184.7300000,185.2700000,184.2000000,184.7100000,12513660
20201116,190000,184.7100000,185.6200000,184.2000000,185.3000000,9805690
20201116,200000,185.2200000,185.4400000,184.8700000,184.9300000,1441910
20201116,210000,184.9200000,185.1100000,184.3800000,184.6200000,1178690
20201116,220000,184.6100000,184.8400000,184.3000000,184.5900000,789060
20201116,230000,184.5600000,184.9800000,184.4500000,184.8900000,679760
20201117,000000,184.9000000,185.4100000,184.8500000,185.3200000,974540
20201117,110000,185.1000000,185.3100000,182.3000000,183.8900000,12615650
20201117,120000,183.9100000,185.1500000,183.0300000,183.1900000,8822900
20201117,130000,183.1700000,183.8700000,181.3100000,181.7000000,10333050
20201117,140000,181.7200000,182.0300000,179.8500000,180.7400000,15162160
20201117,150000,180.7400000,181.2000000,179.6700000,179.8000000,9403310
20201117,160000,179.7500000,181.4000000,178.8300000,181.1100000,14037460
20201117,170000,181.1800000,181.8000000,179.9500000,180.6500000,7330790
20201117,180000,180.6500000,182.2500000,180.2700000,182.1800000,8372070
20201117,190000,182.1500000,182.9000000,181.8000000,182.9000000,6921540
20201117,200000,183.3100000,183.6500000,182.6100000,182.9700000,2660770
20201117,210000,182.9200000,183.6000000,182.8600000,183.1200000,1906510
20201117,220000,183.0800000,183.2500000,182.6100000,182.7100000,643060
20201117,230000,182.7800000,183.3000000,182.7600000,183.2000000,541110
20201118,000000,183.1600000,183.2100000,182.7200000,182.9000000,556860
20201118,110000,182.2600000,184.4000000,180.8000000,184.2200000,9486160
20201118,120000,184.2300000,184.3000000,183.2000000,183.6400000,6573450
20201118,130000,183.6000000,183.9500000,183.0500000,183.7700000,2845740
20201118,140000,183.8000000,184.7900000,183.7600000,184.0000000,4498740
20201118,150000,183.9900000,185.1000000,183.8400000,185.0900000,4782270
20201118,160000,185.1000000,187.0000000,184.7400000,186.8600000,11726660
20201118,170000,186.8100000,187.6900000,186.1500000,187.2300000,10510860
20201118,180000,187.2200000,187.2800000,185.9100000,186.5900000,6180240
20201118,190000,186.6300000,186.8500000,185.6800000,185.8100000,6871650
20201118,200000,186.1100000,186.6400000,186.0300000,186.2400000,1227910
20201118,210000,186.2100000,186.5900000,185.8800000,186.0900000,1021510
20201118,220000,186.0900000,186.2800000,185.5500000,185.6200000,791460
20201118,230000,185.5600000,185.9200000,185.0100000,185.8000000,1146110
20201119,000000,185.8000000,185.8800000,184.7100000,185.0000000,1438810
20201119,110000,185.2000000,185.8800000,181.9200000,182.8900000,14525270
20201119,120000,182.9400000,184.8300000,182.7000000,183.0100000,8029870
20201119,130000,183.0200000,183.7000000,182.7000000,183.1100000,5616880
20201119,140000,183.1400000,183.3700000,182.7000000,183.2400000,3832810
20201119,150000,183.2100000,184.3900000,182.8000000,184.3100000,3714580
20201119,160000,184.3500000,184.6000000,183.6700000,183.7900000,3107720
20201119,170000,183.7700000,183.9800000,183.0600000,183.2800000,2460400
20201119,180000,183.3000000,184.1500000,183.0000000,183.8000000,4549970
20201119,190000,183.8100000,184.1500000,183.2800000,183.8300000,3749370
20201119,200000,183.6000000,183.8400000,183.4100000,183.6000000,368400
20201119,210000,183.6000000,183.6100000,183.1000000,183.2100000,646360
20201119,220000,183.1900000,183.5000000,183.1700000,183.4000000,536860
20201119,230000,183.4100000,184.0200000,183.3600000,183.8100000,899360
20201120,000000,183.8100000,184.5000000,183.6600000,184.1600000,1126930
20201120,110000,184.1000000,184.1500000,182.4200000,182.4800000,5320570
20201120,120000,182.5400000,183.9300000,182.3200000,183.6000000,4800090
20201120,130000,183.6000000,183.8000000,183.2000000,183.4100000,1999340
20201120,140000,183.4000000,184.3600000,183.0800000,183.8500000,4839190
20201120,150000,183.8800000,184.3000000,183.7000000,183.9500000,1499620
20201120,160000,183.9700000,184.2200000,183.1200000,183.3400000,2091610
20201120,170000,183.3600000,183.9100000,183.2500000,183.3100000,1551460
20201120,180000,183.3800000,183.4800000,182.8200000,182.9100000,2968940
20201120,190000,182.9300000,183.2000000,182.1000000,182.7400000,4210340
20201120,200000,182.7400000,183.1000000,182.4500000,183.0000000,740830
20201120,210000,182.9300000,183.0300000,182.6800000,182.8500000,247430
20201120,220000,182.8500000,182.9900000,182.5500000,182.8700000,452660
20201120,230000,182.8300000,183.1000000,182.7100000,183.0800000,441180
20201121,000000,183.0800000,183.2400000,182.7300000,183.2100000,673100
20201123,110000,183.6400000,185.6300000,183.5500000,184.8500000,6810480
20201123,120000,184.8700000,185.5500000,184.3500000,184.6400000,5148820
20201123,130000,184.6000000,184.6000000,183.7700000,184.2100000,4758590
20201123,140000,184.2100000,184.3000000,183.9400000,184.0800000,1652530
20201123,150000,184.0900000,184.1300000,182.9000000,183.5500000,3717790
20201123,160000,183.5700000,184.6000000,183.3200000,184.3500000,3398820
20201123,170000,184.3300000,184.3400000,183.6300000,184.1500000,2162300
20201123,180000,184.1500000,184.5700000,183.5200000,183.5500000,4015600
20201123,190000,183.5500000,183.8000000,182.7700000,183.2700000,5938000
20201123,200000,183.2800000,183.9600000,182.8500000,183.7900000,1561180
20201123,210000,183.8000000,183.8500000,183.4800000,183.5500000,449160
20201123,220000,183.5200000,183.6800000,183.2000000,183.6100000,338040
20201123,230000,183.6200000,183.9600000,183.4600000,183.9500000,348340
20201124,000000,183.9500000,184.2000000,183.8500000,184.1500000,743450
20201124,110000,185.0300000,185.9100000,184.0000000,184.0200000,8596400
20201124,120000,184.0300000,184.9300000,184.0300000,184.3300000,5408800
20201124,130000,184.3300000,184.7400000,183.9700000,184.5900000,3204810
20201124,140000,184.6500000,185.8700000,184.4800000,185.5700000,7143040
20201124,150000,185.5700000,186.5000000,185.3100000,185.7000000,6953290
20201124,160000,185.6700000,186.1900000,185.1500000,186.1100000,3750960
20201124,170000,186.1100000,186.7900000,185.8400000,186.7700000,5895450
20201124,180000,186.7500000,187.3000000,186.3100000,186.6700000,7464030
20201124,190000,186.6800000,186.7300000,185.9200000,186.0000000,8155290
20201124,200000,186.1000000,187.0000000,186.1000000,186.5000000,1637120
20201124,210000,186.4300000,186.5400000,186.1100000,186.4800000,623210
20201124,220000,186.4600000,186.8000000,186.3800000,186.7000000,789980
20201124,230000,186.6200000,186.7000000,186.3200000,186.6100000,460800
20201125,000000,186.6700000,186.8000000,186.3900000,186.7600000,591250
20201125,110000,187.0100000,188.7600000,186.0000000,188.6900000,9028770
20201125,120000,188.7200000,188.7400000,187.8100000,187.9100000,8177290
20201125,130000,187.9600000,188.5000000,186.3000000,186.3700000,7043230
20201125,140000,186.3200000,187.2500000,186.1900000,186.8500000,4069600
20201125,150000,186.8700000,186.9400000,185.8500000,186.4400000,3710520
20201125,160000,186.4300000,187.6000000,186.3700000,186.7700000,3709980
20201125,170000,186.7900000,187.3400000,186.5000000,187.1600000,2377180
20201125,180000,187.1700000,187.9500000,186.7300000,187.1100000,3930130
20201125,190000,187.1000000,187.5200000,186.7000000,187.5200000,5265200
20201125,200000,187.5200000,187.9000000,187.3400000,187.5600000,1557880
20201125,210000,187.5900000,187.7500000,187.5000000,187.7200000,603250
20201125,220000,187.7200000,187.8700000,187.6000000,187.8400000,444520
20201125,230000,187.8200000,188.0000000,187.5800000,187.8600000,584270
20201126,000000,187.8300000,188.1200000,187.7200000,188.0300000,605900
20201126,110000,188.2500000,189.1000000,187.5000000,187.5000000,6246940
20201126,120000,187.5500000,187.7500000,186.7000000,186.9600000,4631710
20201126,130000,186.9700000,187.3500000,186.2100000,186.3600000,4111230
20201126,140000,186.3600000,186.6300000,185.7300000,185.9600000,4317430
20201126,150000,185.9400000,187.0000000,185.9000000,186.3500000,3937050
20201126,160000,186.3700000,186.3800000,184.8000000,185.1600000,6474870
20201126,170000,185.1900000,185.6900000,184.7700000,185.2800000,4685060
20201126,180000,185.3100000,185.3900000,184.6000000,184.9300000,3978270
20201126,190000,184.9300000,185.7100000,184.9000000,185.7100000,5632360
20201126,200000,185.6900000,186.0000000,185.3900000,185.7100000,747350
20201126,210000,185.7700000,185.7700000,185.3600000,185.5900000,281520
20201126,220000,185.5900000,185.7000000,185.4600000,185.5000000,189850
20201126,230000,185.5700000,185.5800000,185.4400000,185.5400000,177760
20201127,000000,185.4800000,185.5800000,185.3400000,185.5200000,294850
20201127,110000,185.1300000,185.6100000,183.3000000,183.6800000,7926250
20201127,120000,183.6900000,183.8900000,182.5600000,182.9600000,10770590
20201127,130000,182.9700000,183.9100000,182.9300000,183.8500000,5484770
20201127,140000,183.8500000,184.5800000,183.8200000,184.0200000,3400000
20201127,150000,184.0000000,184.6000000,183.9400000,184.4800000,2586970
20201127,160000,184.4700000,184.8000000,183.8100000,184.6000000,3186010
20201127,170000,184.6000000,185.3900000,184.3900000,185.1300000,4130850
20201127,180000,185.1500000,186.7500000,185.1100000,185.7900000,7127800
20201127,190000,185.8000000,186.1300000,185.3900000,186.0300000,3221700
20201127,200000,186.0300000,186.3300000,185.3100000,185.3100000,785200
20201127,210000,185.3200000,185.5600000,185.3000000,185.4900000,228680
20201127,220000,185.4900000,186.0000000,185.4600000,186.0000000,283880
20201127,230000,185.9800000,186.1300000,185.9200000,186.1000000,534880
20201128,000000,186.1000000,186.1300000,185.8100000,185.9000000,315960
20201130,110000,185.1000000,185.1400000,183.6700000,184.9300000,6166350
20201130,120000,184.9800000,184.9800000,183.2500000,183.5600000,6067780
20201130,130000,183.5600000,184.0200000,182.9000000,183.0100000,5633610
20201130,140000,183.0400000,183.1000000,182.3000000,182.9700000,4100700
20201130,150000,182.9700000,183.6600000,182.4000000,182.5200000,3402980
20201130,160000,182.5200000,183.3100000,182.4700000,182.7700000,2322600
20201130,170000,182.7700000,183.1000000,181.7200000,181.9000000,5880220
20201130,180000,181.9000000,182.2700000,180.7200000,181.4200000,7648570
20201130,190000,181.4200000,182.5000000,181.4000000,182.4300000,25007960
20201130,200000,182.4000000,182.6800000,180.0400000,181.4000000,3416770
20201130,210000,181.4100000,182.1000000,181.4000000,182.0800000,1185030
20201130,220000,182.0800000,182.2000000,181.6600000,181.9000000,674460
20201130,230000,181.9000000,182.2000000,181.6800000,182.2000000,782390
20201201,000000,182.2000000,182.3000000,181.7900000,181.8900000,867540
20201201,110000,182.6000000,182.8300000,181.7800000,182.0900000,6791120
20201201,120000,182.0900000,184.5000000,181.9100000,183.5700000,8244840
20201201,130000,183.5800000,184.2300000,183.4100000,183.5500000,4221400
20201201,140000,183.5600000,183.9000000,183.3200000,183.8300000,1499430
20201201,150000,183.8400000,184.7300000,183.7500000,184.0200000,2970410
20201201,160000,183.9800000,185.3600000,183.7200000,184.9500000,3913950
20201201,170000,184.9500000,188.0500000,184.9500000,187.6700000,16016760
20201201,180000,187.6400000,188.0900000,185.7500000,185.9200000,9404890
20201201,190000,185.9100000,186.1200000,184.2200000,184.4500000,8134210
20201201,200000,184.4600000,184.9000000,183.9600000,184.7600000,2243810
20201201,210000,184.8100000,185.2000000,184.7200000,185.0300000,838410
20201201,220000,185.0300000,185.6400000,185.0200000,185.6000000,1049480
20201201,230000,185.6000000,185.9700000,185.4000000,185.8900000,781860
20201202,000000,185.8900000,185.9900000,185.0200000,185.3400000,1083240
